100 570
33 42 70.296214
99 19 66.833576
12 84 77.159162
68 84 50.669154
72 31 84.631299
49 76 50.804003
64 36 99.981343
80 33 98.848677
60 77 51.512508
93 65 97.121248
59 99 98.940495
89 51 72.723562
53 61 53.218389
79 31 52.574051
32 3 91.929257
69 98 91.393290
84 73 72.451749
99 45 70.059349
58 37 95.508271
48 47 72.242173
5 93 77.367691
94 22 78.551235
65 59 90.282166
3 55 69.739578
55 75 60.163255
34 60 87.518454
75 7 91.823505
59 6 90.204603
11 85 76.277679
89 56 93.770873
99 14 73.380908
19 78 96.594724
5 69 62.618148
43 90 54.515615
19 16 90.043777
6 34 67.621050
33 75 57.157565
7 30 62.958067
20 19 55.807537
56 75 52.233274
31 62 81.290331
30 4 94.919899
85 2 56.838120
13 42 94.248179
74 28 53.648402
81 22 82.834503
17 64 52.123717
75 74 89.265491
44 66 61.341832
58 77 76.597873
79 70 59.333675
95 26 78.621058
30 17 60.186006
1 76 65.400243
66 60 56.614751
72 35 97.032432
33 30 81.414418
8 61 59.200197
71 12 95.609511
47 68 62.366868
30 66 84.835765
67 16 73.853622
71 9 99.249740
17 10 92.579668
52 91 87.368862
20 57 96.976891
55 47 70.293389
82 24 81.688159
52 7 92.662110
48 38 98.925867
43 7 88.506792
31 37 61.614719
39 25 72.437008
23 51 68.393763
93 45 67.139519
17 23 50.726749
23 16 68.167072
58 11 93.752516
12 9 69.648658
41 55 54.372244
58 71 55.161288
56 47 66.294393
5 21 91.437761
10 48 79.293935
74 7 87.408267
63 40 58.503240
29 3 79.671950
64 21 77.719390
49 53 66.988629
36 90 89.976931
63 68 86.696129
17 47 94.715543
90 78 86.244151
69 4 91.311916
55 51 85.280261
73 33 59.256582
56 49 57.338751
46 31 82.079694
83 44 76.991913
4 57 66.178053
0 96 80.126166 24.041631
0 90 81.427613 39.698866
0 82 69.864376 35.000000
0 71 82.693799 5.385165
0 70 59.558834 36.400549
0 69 60.054057 15.524175
0 61 64.475305 42.801869
0 59 59.194048 29.529646
0 49 77.151032 43.011626
0 37 87.840981 28.635642
0 22 51.522660 36.235342
1 84 96.071872 27.730849
1 77 65.296633 41.773197
1 74 86.979310 26.683328
1 72 76.102414 60.299254
1 56 88.036902 66.910388
1 51 63.964537 8.062258
1 42 62.978642 22.022716
1 21 74.358567 5.830952
1 11 73.746829 33.526109
2 96 69.358785 56.222771
2 73 88.620223 34.785054
2 66 80.408827 56.727418
2 65 68.914488 28.160256
2 58 94.460041 93.085982
2 20 62.831849 11.401754
3 96 58.959865 37.000000
3 94 67.769406 35.468296
3 90 97.620135 16.763055
3 89 77.596558 32.557641
3 73 87.902300 55.803226
3 66 81.393238 39.217343
3 59 75.424775 26.400758
3 50 93.410142 17.804494
3 25 60.900176 41.617304
3 16 91.635502 19.416488
3 6 83.886647 48.166378
4 88 88.405805 31.827661
4 87 71.563784 12.806248
4 85 56.939683 12.727922
4 77 71.092136 24.413111
4 66 67.282924 23.345235
4 65 76.353506 58.137767
4 62 82.618613 22.022716
4 50 97.950789 39.623226
4 26 73.990201 24.186773
4 22 68.822335 28.861739
4 7 98.404682 8.246211
4 6 57.137258 9.433981
5 93 56.625670 74.726167
5 79 53.440094 22.472205
5 39 89.437961 7.071068
5 35 52.915942 60.108236
5 31 70.773006 30.066593
5 24 63.444422 6.082763
5 16 54.112700 35.128336
5 12 88.859402 15.524175
5 8 70.412998 11.045361
5 7 89.822126 53.009433
6 98 92.276955 20.615528
6 85 90.262826 4.123106
6 73 87.228186 43.657760
6 72 66.298899 27.313001
6 69 80.091525 16.124515
6 61 58.088648 20.223748
6 58 87.502930 25.000000
6 56 81.837325 31.575307
6 55 74.042799 8.062258
6 54 98.361022 24.083189
6 50 52.944227 37.161808
6 45 94.469884 22.022716
6 42 82.497685 39.962482
6 36 85.605821 49.819675
6 22 98.367959 23.021729
6 7 68.092736 16.278821
7 95 94.234205 7.000000
7 93 71.614782 31.016125
7 77 51.621955 31.112698
7 74 72.373500 17.691806
7 55 56.724211 8.246211
7 54 77.901607 30.413813
7 44 75.872686 7.810250
7 37 79.066416 73.061618
7 27 50.009288 34.205263
7 25 85.744471 53.338541
7 24 69.089674 48.877398
7 10 68.714166 69.260378
8 98 70.412430 40.224371
8 90 66.202194 9.486833
8 88 51.839771 26.400758
8 80 94.100388 6.324555
8 60 94.940651 31.953091
8 59 79.668514 15.811388
8 55 54.184289 43.680659
8 39 79.780524 4.472136
8 36 84.099661 27.073973
9 85 78.359855 39.051248
9 79 58.198931 52.952809
9 60 97.312405 63.007936
9 55 52.706643 36.619667
9 28 57.804749 84.403791
9 12 97.478614 40.199502
9 11 64.536972 14.560220
9 10 70.933261 48.083261
10 83 67.398783 70.724819
10 80 72.062534 28.017851
10 65 92.346540 57.314920
10 64 83.947775 10.630146
10 59 90.089998 33.241540
10 49 60.495487 22.022716
10 28 99.810146 50.000000
10 22 52.679737 40.447497
10 16 98.730942 36.069378
11 92 83.491737 27.018512
11 81 74.634813 33.241540
11 61 62.773401 41.340053
11 53 50.478872 91.482239
11 50 59.138212 21.470911
11 49 50.822005 40.459857
11 48 84.281090 47.434165
11 29 62.759990 5.000000
11 26 63.746075 46.173586
11 24 98.607918 41.617304
11 19 67.386382 41.194660
11 17 74.967594 11.661904
12 80 60.222390 11.180340
12 59 59.957468 9.219544
12 32 61.264202 48.662100
12 28 93.479421 48.373546
12 22 66.329495 12.165525
13 96 54.996581 29.206164
13 95 54.555470 6.324555
13 90 93.412946 40.311289
13 87 53.458459 18.027756
13 74 92.325762 19.798990
13 70 90.573051 43.266615
13 67 50.312428 7.615773
13 62 61.729318 23.409400
13 59 72.490685 48.918299
13 55 57.708283 8.062258
13 51 71.013889 16.763055
13 48 78.442966 49.497475
13 45 97.362573 9.219544
13 26 84.272759 24.331050
14 82 96.267443 32.449961
14 70 71.453857 11.704700
14 68 58.003465 20.396078
14 65 83.299941 55.317267
14 63 98.423621 16.552945
14 61 75.770028 37.336309
14 44 53.818479 48.877398
14 18 58.946843 42.801869
15 86 62.291486 103.077641
15 79 55.793870 51.312766
15 50 69.316871 29.732137
15 49 97.194408 23.706539
15 48 74.983947 40.607881
15 40 59.571387 52.345009
15 36 66.632184 42.720019
16 90 71.813732 21.587033
16 80 67.429015 26.076810
16 74 88.579692 29.410882
16 60 51.168695 54.451814
16 59 89.633228 37.336309
16 54 72.645715 22.203603
16 50 83.587433 5.830952
16 40 74.515955 54.129474
16 39 64.301436 28.071338
16 29 89.350069 17.720045
17 96 85.892025 43.185646
17 92 77.282622 34.205263
17 85 71.169703 36.345564
17 74 89.781102 6.000000
17 45 91.001769 29.206164
17 30 78.922407 31.000000
18 97 80.320403 13.416408
18 96 88.980515 12.165525
18 94 68.375926 14.317821
18 92 83.197261 52.009614
18 81 56.045298 10.198039
18 79 70.328101 24.758837
18 77 68.881913 26.000000
18 59 74.206248 32.893768
18 56 94.798912 25.961510
18 55 80.957273 14.142136
18 41 64.444968 43.278170
18 40 62.562576 36.796739
18 36 96.304848 45.486262
18 28 61.423588 67.178866
18 20 68.487867 77.103826
19 98 51.814816 35.128336
19 97 98.910259 16.124515
19 95 74.818185 28.653098
19 94 73.643874 8.062258
19 88 51.869322 6.082763
19 40 52.307453 22.671568
19 37 63.385174 44.384682
19 36 70.175248 31.764760
19 35 93.859245 43.965896
19 27 53.955697 42.449971
19 24 82.994261 28.861739
19 22 66.031059 20.808652
20 73 94.378829 45.694639
20 58 83.395778 104.484449
20 53 70.899072 17.464249
20 40 73.752079 40.459857
20 32 61.454992 24.000000
20 25 91.474664 43.931765
20 22 80.202462 68.963759
21 98 71.128704 24.596748
21 95 59.476314 23.706539
21 74 81.755143 23.021729
21 61 76.315807 27.658633
21 58 94.611312 25.079872
21 45 94.139322 13.000000
21 44 96.575136 20.880613
21 42 94.745611 21.931712
21 38 89.447996 74.060786
21 30 99.923067 9.433981
21 29 90.886306 34.365681
22 91 51.311796 49.477268
22 90 92.230255 9.219544
22 80 59.936905 13.892444
22 79 57.099142 24.331050
22 74 82.912761 31.304952
22 73 57.017055 42.755117
22 70 93.821036 56.462377
23 99 89.834585 2.236068
23 96 51.110172 53.338541
23 94 73.385095 52.153619
23 89 70.564296 48.104054
23 78 51.291512 46.872167
23 75 62.241830 34.928498
23 71 93.222652 33.286634
23 70 60.739467 62.481997
23 56 52.088212 39.051248
23 38 53.251295 39.812058
23 34 60.898372 42.154478
23 31 81.872152 28.017851
23 25 54.416698 31.400637
24 82 68.110691 73.593478
24 65 71.471435 39.357337
24 58 61.783699 65.000000
24 56 70.167231 50.089919
24 48 86.406761 14.212670
24 47 80.102683 20.024984
24 39 61.988522 1.000000
24 36 71.763117 22.000000
24 33 59.283527 19.209373
24 31 89.484738 36.124784
25 85 89.703556 35.227830
25 81 53.224072 25.553865
25 66 87.203647 24.698178
25 60 78.307412 7.211103
25 49 85.175888 29.410882
25 33 68.916665 31.320920
25 32 92.729209 30.364453
25 28 97.827094 33.970576
26 96 61.760564 46.097722
26 93 74.872195 6.708204
26 88 92.658129 52.839379
26 86 56.062587 46.173586
26 85 79.417523 35.114100
26 75 67.868514 60.166436
26 68 56.668974 23.000000
26 56 83.711256 47.885280
26 42 66.762517 11.180340
26 38 84.973063 56.293872
26 29 91.582206 50.960769
26 27 91.709722 16.031220
27 93 64.397812 10.198039
27 84 80.316439 15.033296
27 77 73.866256 5.099020
27 75 81.012698 45.310043
27 72 62.295204 27.586228
27 68 84.758264 7.071068
28 99 80.985611 28.861739
28 97 72.154164 64.350602
28 81 87.784627 58.898217
28 53 83.501270 13.453624
28 46 71.072334 21.840330
28 34 92.001954 69.462220
28 31 60.180396 10.630146
29 99 59.510646 85.005882
29 98 99.155277 13.416408
29 97 74.051165 49.739320
29 96 96.496672 33.734256
29 95 54.806291 28.017851
29 94 87.412218 34.365681
29 84 90.517929 51.244512
29 77 99.331510 54.644304
29 72 93.472431 58.830264
29 65 93.859987 69.007246
29 39 51.215139 38.078866
29 38 59.287707 78.294317
30 98 97.942431 34.000000
30 94 76.544813 57.489129
30 77 73.789578 41.109610
30 70 65.093046 56.435804
30 61 63.709873 32.062439
31 96 90.874227 47.010637
31 77 98.879629 77.524190
31 65 74.860782 21.023796
31 60 92.755789 16.278821
31 58 97.039972 84.023806
31 36 76.528670 14.317821
31 35 94.032236 45.880279
32 89 51.007398 37.443290
32 74 81.812325 91.214034
32 73 50.570259 25.455844
32 65 65.417349 19.209373
32 57 71.947843 8.544004
33 79 91.151355 35.057096
33 65 57.525161 40.224371
33 48 96.437107 24.020824
33 39 78.786266 19.849433
34 75 62.375931 7.280110
34 72 88.364079 21.931712
34 67 85.146624 63.505905
34 63 53.082793 6.324555
34 49 75.256224 72.401657
34 46 68.021556 48.041649
34 40 72.945516 47.539457
34 38 58.325421 3.162278
34 35 60.646172 22.203603
35 83 97.302745 14.560220
35 79 68.935291 40.816663
35 75 65.374464 15.556349
35 73 67.317921 24.041631
35 60 98.192543 40.000000
35 57 81.968102 27.073973
35 55 73.880539 66.007575
35 51 83.691304 89.358827
36 90 63.939816 30.805844
36 64 77.296177 24.839485
36 59 96.009522 15.652476
36 57 60.805811 28.653098
36 48 74.354576 14.212670
36 39 89.489599 23.000000
37 88 96.834265 47.885280
37 79 95.320547 42.201896
37 73 84.216909 26.400758
37 70 59.028250 42.720019
37 68 58.614097 50.537115
37 67 91.320300 75.239617
37 63 68.044501 22.360680
37 56 80.969280 26.000000
37 54 57.856973 66.189123
38 90 76.349201 65.192024
38 83 85.441413 30.675723
38 82 63.549497 15.132746
38 78 71.442449 12.806248
38 75 73.320519 5.000000
38 72 52.637596 19.924859
38 68 73.354271 34.176015
38 63 99.327656 9.486833
38 49 52.565735 69.339743
38 41 68.128799 18.027756
39 97 87.838777 45.122057
39 90 64.605909 9.899495
39 89 82.884481 25.000000
39 81 50.138179 28.000000
39 80 53.157174 4.472136
39 56 62.564911 50.537115
39 55 61.082678 43.081318
39 48 91.886541 15.000000
39 47 87.788423 19.026298
40 73 61.599843 13.601471
40 65 81.306997 12.083046
40 60 89.941313 4.123106
40 58 58.005433 64.031242
40 57 77.404045 23.021729
41 91 98.679189 44.922155
41 88 77.854109 52.554733
41 86 89.252745 1.414214
41 83 56.453424 48.332184
41 78 76.067689 18.681542
41 61 84.174222 38.897301
41 55 59.030543 52.201533
42 84 91.027913 12.083046
42 80 86.961321 74.094534
42 64 50.854149 94.921020
42 58 91.876066 17.204651
43 91 50.415914 6.403124
43 87 59.810666 55.154329
43 82 75.457304 22.472205
43 75 68.737753 19.416488
43 66 57.688285 42.296572
43 65 77.408272 16.552945
44 95 70.563729 5.099020
44 80 54.934793 45.880279
44 79 57.896575 42.638011
44 77 51.729601 23.345235
44 76 97.064962 52.392748
44 68 51.863933 30.413813
44 67 77.888990 8.944272
44 61 84.124713 13.892444
44 58 56.996463 16.278821
44 55 82.724994 7.280110
45 92 60.334815 56.718604
45 84 73.996592 16.552945
45 77 57.354683 25.495098
45 70 93.952910 40.853396
45 67 91.041816 2.236068
45 51 50.746438 14.560220
46 79 63.954016 25.632011
46 59 64.363979 30.265492
46 53 76.778016 20.000000
47 61 86.583220 58.549125
47 56 52.968445 60.827625
47 55 96.884908 39.115214
47 54 99.200442 16.643317
47 50 52.216890 5.656854
48 91 83.735989 33.015148
48 77 51.764414 56.753854
48 72 53.194137 41.303753
48 57 69.609493 36.345564
48 55 68.875667 41.773197
49 89 64.117837 25.553865
49 80 95.170466 6.000000
49 70 51.898171 71.589105
49 64 81.920658 15.231546
50 92 63.882512 13.601471
50 73 83.072153 59.135438
50 54 95.283711 16.401219
50 51 52.515511 46.818800
51 88 50.310832 53.338541
51 75 58.423307 78.057671
51 59 83.872291 63.780875
51 55 90.613659 24.698178
52 85 92.097466 40.224371
52 78 53.799305 19.697716
52 76 60.756221 7.071068
52 72 90.622616 12.041595
52 66 72.154083 39.051248
52 58 62.756116 41.303753
52 57 91.381801 49.193496
53 98 97.088167 88.022724
53 85 57.640300 71.693793
53 65 63.712793 26.870058
53 57 85.341131 16.552945
54 96 77.787023 14.866069
54 80 86.917893 13.601471
54 69 66.814942 28.425341
54 59 51.301267 20.615528
54 58 52.118187 48.259714
54 57 60.608778 58.008620
55 98 71.927329 14.212670
55 93 54.944195 31.144823
55 74 62.333906 23.259407
55 69 53.558739 24.186773
56 85 62.168335 31.622777
56 84 87.577193 47.010637
56 80 84.165596 48.020829
56 75 63.719153 17.464249
56 66 94.006377 27.802878
57 69 85.087435 46.141088
57 65 58.973021 12.649111
57 64 71.508958 53.254108
58 97 98.236116 31.400637
58 83 74.349845 70.830784
58 62 76.823279 3.000000
59 97 53.896204 37.013511
59 95 76.042880 43.600459
59 88 62.141306 15.132746
59 74 83.324677 51.429563
59 69 83.390823 30.016662
59 67 99.317367 56.222771
59 66 53.663741 22.472205
59 62 64.093573 63.694584
60 95 99.838391 54.203321
60 91 61.913310 23.021729
60 90 82.550072 33.060551
60 89 87.727469 24.738634
60 82 55.597352 51.478151
60 80 82.919863 28.442925
60 76 96.990104 50.487622
61 87 85.750144 5.830952
61 77 55.197946 10.295630
61 69 74.713437 29.068884
62 82 56.693315 67.082039
63 78 66.558165 5.099020
63 71 67.139603 30.413813
64 81 88.339012 44.181444
65 83 86.858913 13.453624
65 79 82.645370 21.095023
65 78 79.942337 48.662100
65 73 99.109646 6.708204
66 90 67.834133 22.472205
66 87 64.932921 27.513633
66 85 75.999357 10.630146
66 81 80.922403 1.000000
66 67 72.883836 35.468296
67 97 69.991762 36.674242
67 95 51.633572 12.727922
67 86 70.022386 57.008771
67 80 62.973916 52.773099
67 72 94.188440 43.011626
68 87 78.356603 18.439089
68 86 96.629299 23.345235
68 85 68.865517 34.785054
68 75 79.284187 38.483763
69 97 98.708379 7.280110
69 96 54.649756 13.601471
69 95 77.750959 25.495098
69 94 71.951403 14.764823
69 83 75.125102 39.293765
69 76 55.970336 33.301652
69 73 51.624446 28.178006
69 72 74.476190 15.811388
70 93 81.864986 26.172505
70 85 57.043664 38.587563
70 84 90.967331 31.000000
70 82 85.711612 40.496913
70 77 80.468668 15.524175
71 97 77.389193 16.155494
71 94 85.062268 27.784888
71 87 82.028000 36.674242
71 86 57.756320 34.058773
72 85 54.867053 28.301943
72 81 56.108202 27.802878
73 93 76.695669 65.764732
73 92 70.037176 72.235725
73 83 56.489065 13.341664
73 81 56.339241 33.241540
74 98 66.592990 10.049876
74 96 78.389860 37.215588
74 94 92.995842 38.470768
74 84 60.419103 42.485292
75 92 95.503304 91.400219
75 91 62.154450 24.000000
75 82 79.001171 12.165525
76 94 76.726422 47.423623
76 83 91.269073 34.539832
76 82 94.474221 18.681542
76 77 85.108078 35.355339
77 80 76.036828 60.000000
78 83 75.927626 39.051248
79 97 62.834339 24.515301
79 96 92.619357 16.155494
79 91 80.012597 25.298221
79 88 50.882598 8.246211
79 85 99.053736 26.627054
80 96 67.663695 22.090722
80 95 96.527043 40.853396
80 87 66.596945 50.358713
81 97 53.177807 18.867962
81 96 65.413193 2.000000
81 94 78.387319 4.123106
82 85 58.309399 61.032778
83 96 54.867277 46.010868
83 91 97.716628 7.071068
84 95 89.734576 26.019224
85 98 64.450032 20.396078
85 97 82.801256 19.235384
85 95 64.361033 12.206556
85 92 64.777286 46.615448
86 99 87.511174 59.506302
86 94 82.968233 54.589376
87 93 65.694829 17.720045
88 96 72.330234 8.062258
90 98 95.732807 31.240999
90 97 50.813616 40.718546
90 96 82.253182 20.248457
91 94 50.191960 38.209946
92 98 63.484832 34.713110
92 95 53.474621 48.104054
93 98 95.042631 42.379240
94 96 80.081654 2.236068
94 95 62.128360 25.455844
