Training time: 2.2643900289800434 hours
4.6005883
4.571466
4.5512915
4.533536
4.510415
4.5098095
4.5451775
4.508617
4.459645
4.474773
4.469792
4.4574823
4.455109
4.2575903
4.3659344
4.537307
4.3927245
4.3693933
4.381577
4.5112762
4.3081446
4.5575914
4.413581
4.4523396
4.433657
4.3309374
4.256106
4.2548394
4.52023
4.347261
4.2287006
4.4333696
4.3578787
4.3800335
4.2711835
4.398239
4.3178873
4.274661
4.409475
4.393898
4.449198
4.282916
4.4015217
4.4580774
4.3627396
4.2671604
4.2673016
4.440735
4.342508
4.3094788
4.30992
4.29934
4.1210117
4.323146
4.302345
4.173989
4.1028085
4.235709
4.1652513
4.348511
4.1862183
4.116578
4.1601663
4.029128
4.117789
4.258877
4.0369534
4.031935
4.138019
3.904328
4.0542345
4.126992
3.9998255
4.1070366
4.015307
3.956413
4.0580153
3.91557
4.059625
4.1224103
4.0679555
4.016134
4.097431
4.0000577
4.256589
3.9000862
4.1637845
3.994729
3.906791
3.9206223
4.04974
3.7475626
4.0449586
3.8446157
4.093866
3.8143294
3.9386764
3.860793
3.9966128
3.8555844
