Training time: 1.3573449977238974 hours
4.605045
4.6051702
4.6051707
4.6051707
4.6051707
4.6051702
4.6051702
4.6051707
4.6051707
4.6051702
4.6051707
4.6051702
4.6051707
4.6051707
4.6051702
4.6051707
4.6051702
4.6051702
4.6051702
4.6051707
4.6051707
4.6051702
4.6051702
4.6051702
4.6051707
4.6051707
4.6051707
4.6051702
4.6051702
4.6051702
4.6051702
4.6051707
4.6051702
4.6051707
4.6051702
4.6051702
4.6051707
4.6051707
4.6051707
4.6051707
4.6051702
4.6051702
4.6051707
4.6051707
4.6051702
4.6051707
4.6051702
4.6051702
4.6051702
4.6051702
4.6051707
4.6051702
4.6051702
4.6051702
4.6051702
4.6051707
4.6051702
4.6051707
4.6051707
4.6051707
4.6051707
4.6051707
4.6051707
4.6051707
4.6051702
4.6051707
4.6051707
4.6051707
4.6051702
4.6051702
4.6051707
4.6051702
4.6051702
4.6051707
4.6051707
4.6051707
4.6051707
4.6051707
4.6051707
4.6051702
4.6051707
4.6051702
4.6051702
4.6051707
4.6051707
4.6051707
4.6051707
4.6051702
4.6051702
4.6051702
4.6051702
4.6051707
4.6051702
4.6051707
4.6051707
4.6051702
4.6051707
4.6051707
4.6051707
4.6051707
