#time	nr	lr	tr	nc	lc	tc	mns	ans	mls	als	sdns	sdls	R VS C
52	54.491600	68.465700	5.855110	54.491600	177.403400	11.042619	0.192400	0.004100	1.000000	0.008700	1.000000	0.001267	0.003510	0.530228
107	167.783800	220.418600	9.027963	167.783800	620.749200	18.337977	0.365100	0.008350	1.000000	0.015850	1.000000	0.001912	0.004260	0.492310
215	230.445800	250.449900	5.591810	230.445800	766.501900	11.592415	0.402700	0.010250	1.000000	0.016475	0.750000	0.001850	0.003547	0.482368
270	304.193300	310.347000	5.690188	304.193300	1023.971400	12.297822	0.479000	0.015780	1.000000	0.024280	0.800000	0.002417	0.004294	0.462699
287	335.286600	390.465600	6.310890	335.286600	1301.408300	14.232130	0.479000	0.040533	1.000000	0.064067	1.000000	0.003177	0.005704	0.443426
325	733.740800	514.183000	9.599415	733.740800	1919.995000	20.413354	0.516900	0.028967	1.000000	0.044750	1.000000	0.003744	0.006554	0.470252
380	756.711200	528.472200	8.455155	756.711200	1991.441000	18.079950	0.516900	0.033343	1.000000	0.050500	1.000000	0.004056	0.006978	0.467654
487	979.956400	594.035000	8.071751	979.956400	2303.128500	16.836334	0.516900	0.033967	1.000000	0.049289	0.888889	0.003907	0.006519	0.479425
542	1064.870700	635.479000	6.268571	1064.870700	2501.356300	16.434227	0.520600	0.039020	1.000000	0.057162	0.972000	0.004235	0.006878	0.600758
650	1246.686800	808.473600	6.323570	1246.686800	3189.309100	17.061523	0.520600	0.040800	1.000000	0.058223	0.900000	0.004170	0.006672	0.583748
705	1321.310500	839.694000	6.130509	1321.310500	3326.551700	16.481781	0.630900	0.046331	1.000000	0.064365	0.913846	0.004483	0.007033	0.585832
760	1374.034500	889.958000	5.957875	1374.034500	3426.764100	15.792101	0.630900	0.051414	1.000000	0.069922	0.925714	0.004763	0.007362	0.594199
1032	1402.872900	890.447200	4.442267	1402.872900	3427.742500	11.696406	0.630900	0.044368	1.000000	0.059010	0.738947	0.003963	0.006035	0.598181
1085	1447.723800	900.675900	4.328848	1447.723800	3469.596000	11.330230	0.630900	0.048875	1.000000	0.063394	0.756000	0.004218	0.006335	0.601747
1195	1543.796300	923.646400	4.129611	1543.796300	3561.054400	10.679604	0.630900	0.051023	1.000000	0.064480	0.736364	0.004243	0.006290	0.609024
1250	1634.019800	1001.406400	4.216682	1634.019800	3949.854600	11.167749	0.630900	0.061009	1.000000	0.074404	0.751304	0.004446	0.006528	0.594683
1302	1683.561800	1004.527200	4.127584	1683.561800	3965.458300	10.842649	0.630900	0.064867	1.000000	0.077652	0.765000	0.004654	0.006760	0.599572
1357	1818.706200	1090.344800	4.285895	1818.706200	4511.406400	11.657666	0.630900	0.068952	1.000000	0.081467	0.777600	0.004847	0.006989	0.579043
1575	1888.870600	1137.029100	3.842412	1888.870600	4752.205800	10.541391	0.630900	0.070272	1.000000	0.081542	0.707586	0.004507	0.006445	0.574099
1645	1926.253100	1174.237400	3.769593	1926.253100	4933.457100	10.425092	0.630900	0.078686	1.000000	0.091046	0.771429	0.004629	0.006591	0.569502
1682	1977.747500	1221.444600	3.802903	1977.747500	5184.520900	10.642301	0.630900	0.081142	1.000000	0.093308	0.731613	0.004827	0.006848	0.562808
1955	2018.849300	1251.648300	3.345778	2018.849300	5257.370900	9.304630	0.630900	0.074483	1.000000	0.085522	0.660000	0.004414	0.006245	0.566342
1972	2030.729400	1287.434100	3.364424	2030.729400	5427.149500	9.452318	0.630900	0.088488	1.000000	0.101489	0.730588	0.004630	0.006537	0.560600
2010	2089.858500	1307.667600	3.380623	2089.858500	5457.525900	9.387294	0.630900	0.086014	1.000000	0.098762	0.700541	0.004802	0.006755	0.567201
2025	2129.279800	1340.402200	3.426847	2129.279800	5642.237100	9.594465	0.630900	0.096209	1.000000	0.110760	0.771429	0.005025	0.007059	0.562541
2172	2174.500300	1371.815400	3.264733	2174.500300	5748.696500	9.117603	0.630900	0.089090	1.000000	0.102708	0.702000	0.004926	0.006909	0.563959
2390	2188.461100	1384.819800	2.990193	2188.461100	5829.592100	8.387085	0.625100	0.093100	1.000000	0.108625	0.662727	0.004690	0.006579	0.561525
2460	2349.388100	1469.773900	3.105010	2349.388100	6211.287600	8.699874	0.625100	0.106867	1.000000	0.126772	0.703256	0.004755	0.006679	0.562122
2570	2385.842200	1485.061800	3.012377	2385.842200	6267.655500	8.417799	0.625100	0.109656	1.000000	0.131003	0.696000	0.004740	0.006661	0.563626
2600	2539.003100	1529.688300	3.129763	2539.003100	6446.161800	8.639582	0.625100	0.108823	1.000000	0.130280	0.689362	0.004873	0.006851	0.570557
2702	2708.783300	1679.665600	3.247696	2708.783300	6981.593200	8.964270	0.625100	0.114992	1.000000	0.137314	0.683265	0.004868	0.006848	0.570612
2755	2798.072200	1802.200300	3.339581	2798.072200	7571.953000	9.410186	0.634900	0.116434	1.000000	0.139272	0.691200	0.004958	0.006987	0.558952
3010	2852.129100	1875.627100	3.141366	2852.129100	7748.414000	8.804438	0.625100	0.112573	1.000000	0.134774	0.648000	0.004704	0.006637	0.561950
3032	3204.268900	2101.785900	3.499459	3204.268900	8964.659500	10.032093	0.625100	0.123930	1.000000	0.148745	0.692830	0.004835	0.006833	0.549402
3060	3239.901400	2185.229800	3.545838	3239.901400	9399.146100	10.326019	0.625100	0.123893	1.000000	0.149119	0.675000	0.004954	0.007010	0.540837
3082	3282.440700	2233.641300	3.578967	3282.440700	9653.989100	10.491833	0.625100	0.132063	1.000000	0.159532	0.720000	0.005080	0.007210	0.537263
3265	3290.956800	2239.412400	3.387669	3290.956800	9689.439100	9.939047	0.625100	0.125008	1.000000	0.151863	0.666000	0.004948	0.007037	0.536830
3287	3334.255200	2273.339500	3.411465	3334.255200	9887.121100	10.054279	0.625100	0.135857	1.000000	0.165831	0.707586	0.005065	0.007226	0.534405
3417	3448.375500	2328.737100	3.380900	3448.375500	9997.916100	9.836351	0.625100	0.133749	1.000000	0.164167	0.668571	0.005018	0.007171	0.541351
3440	3491.384400	2350.795400	3.396616	3491.384400	10130.265800	9.899455	0.625100	0.141266	1.000000	0.173701	0.708197	0.005135	0.007348	0.540401
3467	3603.488400	2456.886500	3.495530	3603.488400	10446.053300	10.129446	0.625100	0.137883	1.000000	0.169777	0.691875	0.005244	0.007514	0.543510
3570	3644.884500	2473.451900	3.427640	3644.884500	10545.445900	9.937206	0.625100	0.136970	1.000000	0.168815	0.687273	0.005240	0.007518	0.543265
3775	3809.877600	2492.442500	3.338978	3809.877600	10628.314300	9.561716	0.664700	0.132420	1.000000	0.163155	0.663429	0.005098	0.007319	0.549994
3950	4003.958100	2605.368100	3.346494	4003.958100	10992.269300	9.491283	0.664700	0.145723	1.000000	0.179608	0.669296	0.005010	0.007195	0.555323
4080	4080.404900	2690.905700	3.319270	4080.404900	11337.247200	9.447091	0.664700	0.141684	1.000000	0.174723	0.639474	0.004984	0.007158	0.553382
4335	4133.585100	2724.916000	3.164245	4133.585100	11491.644500	9.011090	0.664700	0.142770	1.000000	0.176182	0.613333	0.004813	0.006910	0.553061
4357	4156.977100	2747.060600	3.168807	4156.977100	11580.223000	9.028801	0.664700	0.149010	1.000000	0.183806	0.642532	0.004909	0.007047	0.552772
4387	4192.742900	2764.368800	3.171333	4192.742900	11662.105100	9.034101	0.664700	0.146151	1.000000	0.180188	0.632195	0.004997	0.007170	0.552888
4437	4422.221700	3025.389000	3.356670	4422.221700	12532.225400	9.551801	0.618900	0.149283	1.000000	0.183789	0.637590	0.005057	0.007256	0.553483
4487	4429.280800	3049.830900	3.333309	4429.280800	12556.667200	9.462924	0.618900	0.149989	1.000000	0.184539	0.642857	0.005116	0.007342	0.554793
4590	4543.450300	3127.713500	3.342555	4543.450300	12884.416000	9.492302	0.618900	0.151257	1.000000	0.185785	0.640465	0.005114	0.007342	0.554610
4692	4560.194900	3142.807000	3.283112	4560.194900	12974.977100	9.342127	0.618900	0.152390	1.000000	0.186864	0.638182	0.005109	0.007337	0.553504
4742	4672.551300	3205.546700	3.322340	4672.551300	13499.022000	9.579111	0.671700	0.153081	1.000000	0.187674	0.643146	0.005164	0.007420	0.546260
4767	4684.410700	3210.685200	3.312049	4684.410700	13504.160500	9.537793	0.671700	0.159111	1.000000	0.194969	0.670345	0.005246	0.007541	0.546927
5187	4723.184900	3233.091800	3.067480	4723.184900	13548.973800	8.805860	0.671700	0.153539	1.000000	0.187985	0.631915	0.004922	0.007071	0.548644
5250	4777.241000	3273.987000	3.067135	4777.241000	13722.385700	8.809346	0.671700	0.152745	1.000000	0.186978	0.623505	0.004961	0.007124	0.548365
5375	5003.671700	3428.621300	3.137597	5003.671700	14552.889800	9.096075	0.727700	0.151797	1.000000	0.185830	0.621818	0.004944	0.007101	0.543280
5500	5059.904900	3461.178300	3.098576	5059.904900	14688.425200	8.976514	0.727700	0.150975	1.000000	0.184819	0.620198	0.004927	0.007082	0.543670
5562	5314.248400	3691.883100	3.238160	5314.248400	15372.339100	9.297343	0.727700	0.153586	1.000000	0.188067	0.624706	0.004967	0.007142	0.548555
5625	5435.964800	3782.654000	3.277731	5435.964800	15698.202900	9.392963	0.671700	0.156111	1.000000	0.191002	0.629126	0.005003	0.007200	0.549606
5687	5532.200300	3840.824100	3.296009	5532.200300	15905.852200	9.423320	0.836300	0.158704	1.000000	0.193911	0.633462	0.005042	0.007254	0.550890
5875	5562.495800	3847.981100	3.203567	5562.495800	15934.480000	9.147649	0.671700	0.156364	1.000000	0.190859	0.625794	0.004970	0.007153	0.551575
5937	5567.885400	3859.469100	3.175530	5567.885400	15991.920100	9.077813	0.671700	0.163688	1.000000	0.199033	0.641887	0.005004	0.007196	0.550954
5937	5652.522400	3912.365300	3.221857	5652.522400	16309.297800	9.247082	0.671700	0.162617	1.000000	0.197500	0.640000	0.005089	0.007317	0.548760
6000	5813.773900	4076.846500	3.296874	5813.773900	16968.801200	9.492740	0.671700	0.166699	1.000000	0.201941	0.644037	0.005122	0.007367	0.547005
6062	5901.820200	4129.383000	3.309263	5901.820200	17231.483700	9.539507	0.671700	0.168985	1.000000	0.204541	0.648000	0.005153	0.007418	0.546369
6500	5915.050600	4146.613000	3.095897	5915.050600	17304.075200	8.930433	0.671700	0.164148	1.000000	0.198473	0.618462	0.004884	0.007037	0.546002
6687	5949.502900	4156.466800	3.022346	5949.502900	17339.681700	8.706237	0.671700	0.166764	1.000000	0.201304	0.612000	0.004822	0.006951	0.546757
6937	5977.148600	4174.813700	2.926692	5977.148600	17426.807000	8.433858	0.558100	0.171641	1.000000	0.206961	0.610820	0.004715	0.006805	0.546552
7000	6034.007500	4190.919100	2.921408	6034.007500	17442.912400	8.384614	0.558100	0.168970	1.000000	0.203767	0.604800	0.004741	0.006848	0.548769
7187	6075.692900	4198.543600	2.858918	6075.692900	17465.786000	8.188340	0.558100	0.167726	1.000000	0.202323	0.599063	0.004684	0.006769	0.549903
7250	6390.478100	4471.950000	2.996532	6390.478100	18371.822000	8.538724	0.558100	0.167880	1.000000	0.202530	0.602791	0.004710	0.006815	0.552722
7312	6434.967600	4501.928300	2.991288	6434.967600	18489.047400	8.521031	0.558100	0.169435	1.000000	0.204460	0.606462	0.004735	0.006860	0.552900
7375	6464.140800	4503.218500	2.974199	6464.140800	18495.498300	8.460894	0.558100	0.170888	1.000000	0.206352	0.610076	0.004759	0.006902	0.553649
7437	6479.249600	4516.311400	2.956790	6479.249600	18562.070400	8.417250	0.558100	0.171007	1.000000	0.206540	0.613636	0.004783	0.006945	0.553262
7567	6563.138600	4596.448900	2.949346	6563.138600	19018.051400	8.451004	0.540400	0.173801	1.000000	0.209980	0.617143	0.004763	0.006926	0.549665
7637	6619.074100	4641.796400	2.948837	6619.074100	19169.961000	8.441583	0.658700	0.174050	1.000000	0.210361	0.620597	0.004784	0.006965	0.550183
7707	6709.505200	4679.261700	2.955243	6709.505200	19428.690000	8.478169	0.658700	0.175767	1.000000	0.212572	0.624000	0.004805	0.007003	0.548999
7915	6772.398400	4751.435700	2.911898	6772.398400	19695.914000	8.360174	0.658700	0.174794	1.000000	0.211610	0.618261	0.004741	0.006918	0.548582
7985	6795.477800	4770.880500	2.897022	6795.477800	19773.693300	8.318463	0.658700	0.176299	1.000000	0.213663	0.621583	0.004762	0.006953	0.548516
8055	6892.273900	4840.642100	2.913201	6892.273900	20200.799700	8.408775	0.658700	0.176509	1.000000	0.214104	0.624857	0.004782	0.006992	0.545655
8192	6908.325800	4858.773500	2.872652	6908.325800	20289.382400	8.299575	0.641900	0.176943	1.000000	0.214916	0.623662	0.004763	0.006974	0.545140
8332	6952.543000	4894.449500	2.843563	6952.543000	20459.087100	8.224311	0.672700	0.176080	1.000000	0.214045	0.622500	0.004744	0.006957	0.544558
8387	7017.389300	4992.088100	2.863661	7017.389300	20750.204900	8.276481	0.672700	0.180452	1.000000	0.219817	0.634406	0.004773	0.007011	0.544950
8470	7038.258600	4994.792500	2.841334	7038.258600	20755.613800	8.203622	0.672700	0.179788	1.000000	0.219545	0.628767	0.004787	0.007042	0.545503
8527	7136.448900	5100.661300	2.870035	7136.448900	21123.374900	8.284909	0.672700	0.183992	1.000000	0.225242	0.640552	0.004813	0.007096	0.545607
8540	7176.623600	5149.369300	2.886649	7176.623600	21298.101600	8.335692	0.672700	0.183117	1.000000	0.224486	0.639184	0.004865	0.007189	0.545422
8610	7448.716400	5300.024500	2.961380	7448.716400	21543.474100	8.418174	0.931200	0.185235	1.000000	0.227580	0.642162	0.004890	0.007234	0.554060
8680	7466.612000	5307.936000	2.943444	7466.612000	21559.297200	8.359997	0.931200	0.187438	1.000000	0.230583	0.645101	0.004916	0.007276	0.554537
8750	7483.198000	5318.866500	2.926186	7483.198000	21570.227700	8.300979	0.931200	0.187947	1.000000	0.231314	0.648000	0.004942	0.007317	0.555205
8887	7544.574000	5355.278900	2.902920	7544.574000	21652.503200	8.212961	0.931200	0.190502	1.000000	0.234397	0.646579	0.004934	0.007297	0.556693
8957	7570.292700	5398.977400	2.895734	7570.292700	21862.856100	8.214666	0.931200	0.192656	1.000000	0.236848	0.649412	0.004963	0.007334	0.555200
9290	7576.071400	5434.631100	2.801012	7576.071400	22041.124900	7.970182	0.904700	0.196208	1.000000	0.240951	0.643846	0.004850	0.007154	0.553512
9305	7679.055700	5533.393800	2.839860	7679.055700	22139.887500	8.011537	0.904700	0.195105	1.000000	0.239510	0.642532	0.004909	0.007225	0.558292
9375	7863.000200	5732.377300	2.900347	7863.000200	22551.074800	8.110420	0.904700	0.196530	1.000000	0.241007	0.645283	0.004940	0.007252	0.563232
9442	7886.639600	5733.756300	2.884913	7886.639600	22562.107000	8.061622	0.904700	0.198022	1.000000	0.242589	0.648000	0.004972	0.007280	0.563626
9512	7967.364500	5787.744400	2.892007	7967.364500	22616.095100	8.037703	0.904700	0.198283	1.000000	0.242661	0.650683	0.005004	0.007307	0.566693
9582	7984.918800	5794.896300	2.876038	7984.918800	22630.398800	7.987299	0.904700	0.201387	1.000000	0.245838	0.653333	0.005035	0.007333	0.567120
9652	8032.127300	5846.150000	2.875582	8032.127300	22847.269300	7.997772	0.904700	0.203019	1.000000	0.247411	0.655951	0.005065	0.007360	0.566288
9720	8151.183200	5933.497600	2.898082	8151.183200	23235.138800	8.072614	0.904700	0.203397	1.000000	0.247701	0.658537	0.005097	0.007392	0.565428
9790	8176.428300	5973.969900	2.890786	8176.428300	23364.688500	8.054422	0.904700	0.206829	1.000000	0.251101	0.661091	0.005123	0.007419	0.565278
9930	8368.358800	6025.067200	2.898978	8368.358800	23521.731900	8.028724	0.871200	0.208841	1.000000	0.253036	0.659641	0.005110	0.007393	0.568694
10060	8547.647700	6125.512000	2.917129	8547.647700	23888.179600	8.060593	0.871200	0.210605	1.000000	0.254588	0.662143	0.005103	0.007373	0.569993
10120	8691.049200	6267.513900	2.956238	8691.049200	24643.368000	8.234787	0.866700	0.213758	1.000000	0.257456	0.664615	0.005128	0.007404	0.565415
10182	8728.728100	6295.147300	2.950921	8728.728100	24769.304000	8.224412	0.866700	0.214033	1.000000	0.257525	0.667059	0.005153	0.007434	0.565110
10242	8744.197300	6296.990200	2.937015	8744.197300	24784.046700	8.183608	0.866700	0.214337	1.000000	0.257604	0.669474	0.005177	0.007465	0.565252
10302	8817.989700	6332.027500	2.941037	8817.989700	24971.361300	8.199309	0.866700	0.214683	1.000000	0.257725	0.671860	0.005201	0.007498	0.564942
10425	8914.862600	6362.004300	2.930814	8914.862600	25109.624700	8.159349	0.866700	0.216702	1.000000	0.259180	0.670345	0.005194	0.007482	0.565735
10607	8938.362500	6398.168200	2.891639	8938.362500	25290.444200	8.067124	0.866700	0.214563	1.000000	0.256301	0.665085	0.005157	0.007425	0.564555
10792	8960.004100	6443.696100	2.854519	8960.004100	25545.073300	7.992837	0.866700	0.215337	1.000000	0.256245	0.660000	0.005122	0.007367	0.562487
10912	9006.780100	6482.814200	2.838872	9006.780100	25800.023400	7.974067	0.866700	0.217984	1.000000	0.258503	0.658681	0.005116	0.007354	0.560721
11035	9133.341000	6540.082000	2.840675	9133.341000	26026.208500	7.965462	0.866700	0.216892	1.000000	0.257055	0.657391	0.005110	0.007341	0.561683
11097	9165.601300	6561.844800	2.834412	9165.601300	26113.259500	7.947479	0.866700	0.219385	1.000000	0.259580	0.659676	0.005131	0.007368	0.561713
11100	9212.275500	6592.058500	2.847628	9212.275500	26271.836500	7.991917	0.866700	0.223093	1.000000	0.263812	0.672787	0.005180	0.007436	0.561194
11400	9348.695900	6674.199600	2.811034	9348.695900	26710.031000	7.907615	0.866700	0.218499	1.000000	0.257990	0.653684	0.005092	0.007307	0.559888
11645	9389.459100	6692.613300	2.762056	9389.459100	26765.272000	7.761857	0.866700	0.215251	1.000000	0.254010	0.645773	0.005032	0.007219	0.560464
11890	9418.205200	6719.356300	2.714476	9418.205200	26895.642100	7.635376	0.866700	0.214342	1.000000	0.252468	0.638182	0.004975	0.007131	0.559933
11950	9498.616500	6765.223200	2.721982	9498.616500	27048.512900	7.645843	0.866700	0.215507	1.000000	0.253611	0.640402	0.004996	0.007157	0.560713
11952	9554.478800	6851.999900	2.745280	9554.478800	27330.492500	7.714907	0.866700	0.218939	1.000000	0.257564	0.652386	0.005041	0.007221	0.560449
12072	9664.071100	6898.432000	2.743840	9664.071100	27431.198100	7.681770	0.717700	0.219012	1.000000	0.257528	0.644776	0.005034	0.007212	0.562572
12255	9783.311100	6954.151800	2.731532	9783.311100	27677.448400	7.641934	0.717700	0.216995	1.000000	0.255077	0.640588	0.005002	0.007168	0.562968
12315	10064.155600	7161.301800	2.797476	10064.155600	28526.811900	7.834139	0.717700	0.217236	1.000000	0.255275	0.642732	0.005021	0.007200	0.562413
12320	10085.330400	7167.561500	2.800794	10085.330400	28570.629600	7.844148	0.768900	0.220722	1.000000	0.259276	0.654384	0.005063	0.007264	0.562362
12562	10123.544200	7176.131200	2.754177	10123.544200	28622.048000	7.710565	0.768900	0.220328	1.000000	0.258220	0.643846	0.005010	0.007185	0.562582
12627	10239.343100	7286.381600	2.775803	10239.343100	29042.073900	7.776958	0.768900	0.221544	1.000000	0.259534	0.645933	0.005027	0.007210	0.562159
12815	10263.027900	7296.092200	2.740401	10263.027900	29090.626900	7.677264	0.715300	0.222698	1.000000	0.260842	0.648000	0.004994	0.007166	0.562197
12882	10331.542900	7318.104700	2.740097	10331.542900	29178.676800	7.667421	0.715300	0.221725	1.000000	0.259676	0.643944	0.005009	0.007190	0.562856
12947	10642.012900	7579.123100	2.814618	10642.012900	30222.039500	7.890336	0.715300	0.221847	1.000000	0.259798	0.645981	0.005025	0.007216	0.561830
13075	10728.310000	7597.761000	2.803223	10728.310000	30277.953200	7.840586	0.715300	0.222910	1.000000	0.261104	0.645000	0.005016	0.007206	0.563105
13137	10906.696200	7811.863100	2.849638	10906.696200	31167.105100	8.006432	0.715300	0.225051	1.000000	0.263654	0.653023	0.005032	0.007233	0.560572
13332	10932.001900	7827.425800	2.814090	10932.001900	31202.998500	7.900806	0.715300	0.225591	1.000000	0.264380	0.643091	0.004997	0.007182	0.560980
13392	11210.397100	8020.058800	2.871825	11210.397100	31790.652300	8.027076	0.715300	0.229239	1.000000	0.268523	0.650959	0.005013	0.007201	0.563483
13395	11236.384700	8022.036600	2.875464	11236.384700	31800.541400	8.032274	0.715300	0.228131	1.000000	0.267104	0.649955	0.005051	0.007250	0.563832
13525	11460.524900	8169.299200	2.902747	11460.524900	32242.329300	8.078161	0.715300	0.227834	1.000000	0.266652	0.648969	0.005039	0.007232	0.565949
13587	11662.693800	8287.836400	2.936601	11662.693800	32971.396800	8.212344	0.715300	0.227775	1.000000	0.266562	0.650893	0.005053	0.007252	0.563194
13652	11695.625300	8304.338200	2.929861	11695.625300	33004.400400	8.185319	0.715300	0.228684	1.000000	0.267566	0.652800	0.005067	0.007272	0.563757
13717	11744.851900	8362.363000	2.931615	11744.851900	33250.794700	8.200409	0.715300	0.229563	1.000000	0.268571	0.654690	0.005080	0.007294	0.563056
13780	11826.614900	8411.178100	2.937270	11826.614900	33523.251200	8.227479	0.715300	0.229570	1.000000	0.268583	0.656564	0.005094	0.007317	0.562287
13845	11881.291800	8442.422300	2.935892	11881.291800	33650.466100	8.221697	0.715300	0.230550	1.000000	0.269722	0.658421	0.005108	0.007339	0.562418
13972	11919.436300	8465.818400	2.917911	11919.436300	33716.043800	8.165232	0.715300	0.230506	1.000000	0.269669	0.657391	0.005098	0.007327	0.562839
14102	11945.903000	8480.463400	2.896843	11945.903000	33745.333900	8.099847	0.634200	0.231138	1.000000	0.270464	0.656379	0.005084	0.007312	0.563286
14162	11997.222400	8510.648400	2.896081	11997.222400	33913.272400	8.104235	0.634200	0.234565	1.000000	0.274607	0.663896	0.005095	0.007333	0.562832
14165	12105.197600	8538.119000	2.914693	12105.197600	34142.690400	8.162352	0.634200	0.233427	1.000000	0.273308	0.662833	0.005127	0.007386	0.562417
14292	12124.337100	8565.259300	2.895168	12124.337100	34224.208800	8.107145	0.674000	0.232329	1.000000	0.272067	0.661787	0.005115	0.007374	0.562453
14355	12162.210800	8584.840300	2.890568	12162.210800	34302.532600	8.092083	0.674000	0.234980	1.000000	0.275194	0.669231	0.005125	0.007394	0.562605
14357	12258.100500	8634.765600	2.910377	12258.100500	34587.831800	8.157049	0.674000	0.233874	1.000000	0.273914	0.668136	0.005158	0.007445	0.561949
14485	12658.264000	8895.138700	2.975962	12658.264000	36100.469300	8.415384	0.674000	0.233742	1.000000	0.273806	0.667059	0.005148	0.007436	0.556973
14615	12689.793600	8915.719600	2.956622	12689.793600	36162.211800	8.356484	0.693700	0.232767	1.000000	0.272705	0.666000	0.005137	0.007426	0.557253
14870	12789.492900	8935.375400	2.921973	12789.492900	36273.577500	8.248667	0.693700	0.229943	1.000000	0.269412	0.659508	0.005084	0.007354	0.557921
14932	12800.961400	8946.714900	2.912798	12800.961400	36288.849900	8.218619	0.693700	0.232867	1.000000	0.272881	0.666667	0.005098	0.007378	0.558203
15052	12862.360800	8961.560600	2.899707	12862.360800	36384.779500	8.179229	0.693800	0.231053	1.000000	0.270750	0.662927	0.005093	0.007374	0.558370
15107	12890.400400	8965.443700	2.893377	12890.400400	36427.493400	8.161161	0.693800	0.231161	1.000000	0.270858	0.664615	0.005110	0.007402	0.558385
15215	13016.425800	9012.542100	2.895691	13016.425800	36617.708700	8.155461	0.693800	0.232319	1.000000	0.272168	0.663614	0.005109	0.007403	0.559222
15325	13153.460900	9129.914400	2.908108	13153.460900	37354.490500	8.239470	0.693800	0.232444	1.000000	0.272260	0.662629	0.005107	0.007403	0.555894
15380	13248.959500	9191.337100	2.918114	13248.959500	37470.339400	8.244359	0.693800	0.233533	1.000000	0.273509	0.664286	0.005123	0.007429	0.557476
15597	13399.040500	9327.895600	2.914177	13399.040500	38271.860400	8.281920	0.674000	0.233650	1.000000	0.273466	0.658125	0.005085	0.007376	0.554199
15612	13556.657100	9475.209500	2.950439	13556.657100	38921.033600	8.403153	0.674000	0.236478	1.000000	0.276781	0.667559	0.005113	0.007421	0.553000
15815	13565.935000	9485.233400	2.915102	13565.935000	38961.129300	8.303361	0.674000	0.232899	1.000000	0.272621	0.656308	0.005080	0.007377	0.552943
15885	13839.275500	9751.468900	2.970191	13839.275500	39893.850700	8.456583	0.674000	0.235680	1.000000	0.275931	0.663012	0.005090	0.007396	0.553185
16195	13926.315700	9821.501600	2.932734	13926.315700	40245.465800	8.362424	0.674000	0.232203	1.000000	0.271948	0.647191	0.005023	0.007305	0.552359
16520	13969.185000	9836.583000	2.882054	13969.185000	40313.748800	8.214730	0.634200	0.229621	1.000000	0.269064	0.636923	0.004954	0.007210	0.552573
16537	14003.110000	9883.026400	2.888724	14003.110000	40459.274600	8.233165	0.634200	0.232918	1.000000	0.273085	0.645609	0.004977	0.007251	0.552611
16630	14171.569900	10001.748500	2.907194	14171.569900	40815.440700	8.266237	0.634200	0.231734	1.000000	0.271900	0.640145	0.004977	0.007258	0.553920
16737	14200.065800	10011.227000	2.893060	14200.065800	40862.832900	8.224481	0.634200	0.230800	1.000000	0.270852	0.639422	0.004973	0.007258	0.554025
16847	14305.683000	10036.563000	2.889716	14305.683000	41005.787000	8.207667	0.634200	0.230609	1.000000	0.270723	0.638710	0.004969	0.007258	0.554518
16917	14487.171700	10112.715400	2.908218	14487.171700	41433.577600	8.263743	0.582800	0.233419	1.000000	0.274175	0.644892	0.004975	0.007273	0.554282
17135	14553.042500	10156.389800	2.884089	14553.042500	41723.997700	8.210832	0.582800	0.231435	1.000000	0.271970	0.639574	0.004940	0.007228	0.553225
17242	14637.442700	10213.061000	2.882471	14637.442700	41806.308300	8.183812	0.582800	0.231639	1.000000	0.272283	0.638873	0.004937	0.007226	0.554741
17282	14685.803300	10262.998600	2.887175	14685.803300	41976.086000	8.196425	0.582800	0.229887	1.000000	0.270242	0.635958	0.004953	0.007255	0.554791
17297	14781.198600	10358.636500	2.906759	14781.198600	42439.798200	8.270125	0.582800	0.232210	1.000000	0.273011	0.644211	0.004976	0.007296	0.553576
17390	14817.086200	10379.372900	2.897810	14817.086200	42531.122000	8.244423	0.582800	0.230400	1.000000	0.270986	0.639031	0.004977	0.007305	0.553593
17445	14946.152200	10457.759100	2.912458	14946.152200	42946.653500	8.296475	0.693500	0.230363	1.000000	0.271008	0.640552	0.004990	0.007330	0.552900
17460	15045.562300	10504.405800	2.926686	15045.562300	43173.178100	8.336017	0.724500	0.232801	1.000000	0.273919	0.648750	0.005015	0.007372	0.552966
17565	15079.723500	10538.744300	2.916990	15079.723500	43375.632900	8.319863	0.724500	0.232015	1.000000	0.273171	0.645773	0.005014	0.007378	0.552204
17630	15190.961000	10581.134300	2.923664	15190.961000	43554.531900	8.330331	0.802000	0.232125	1.000000	0.273363	0.647260	0.005028	0.007401	0.552772
17695	15222.006100	10598.455600	2.918391	15222.006100	43601.304300	8.310725	0.969000	0.232267	1.000000	0.273580	0.648737	0.005042	0.007424	0.553076
17827	15382.752000	10647.348300	2.920219	15382.752000	43686.759600	8.283482	0.969000	0.231647	1.000000	0.272874	0.648000	0.005037	0.007419	0.555243
17887	15596.896300	10844.361700	2.956395	15596.896300	44318.723700	8.373951	0.969000	0.234335	1.000000	0.276110	0.653878	0.005051	0.007444	0.556048
18025	15688.042700	10855.972300	2.945244	15688.042700	44376.776900	8.330765	0.969000	0.233979	1.000000	0.275837	0.648725	0.005044	0.007437	0.556823
18085	15810.149200	10950.334100	2.959412	15810.149200	44704.201800	8.365268	0.969000	0.236584	1.000000	0.278946	0.654545	0.005059	0.007461	0.557194
18090	15827.714300	10966.050200	2.962274	15827.714300	44743.108900	8.370760	0.969000	0.235935	1.000000	0.278196	0.653779	0.005088	0.007508	0.557366
18222	15905.847600	11049.823200	2.958504	15905.847600	45079.816500	8.366808	0.969000	0.235328	1.000000	0.277507	0.653023	0.005082	0.007503	0.556920
18412	16042.386000	11196.997000	2.958792	16042.386000	45953.769200	8.417672	0.969000	0.237310	1.000000	0.280021	0.654437	0.005060	0.007474	0.553609
18677	16214.108600	11469.615300	2.964393	16214.108600	47204.456900	8.488631	0.802000	0.236867	1.000000	0.279743	0.649412	0.005017	0.007415	0.550020
18742	16299.067800	11489.055100	2.965253	16299.067800	47297.426400	8.482926	0.693500	0.237775	1.000000	0.281057	0.650814	0.005027	0.007436	0.550550
18750	16323.033700	11514.445400	2.969331	16323.033700	47341.122200	8.488554	0.693500	0.237121	1.000000	0.280373	0.650097	0.005053	0.007480	0.550941
18880	16337.980800	11528.564100	2.951965	16337.980800	47411.715700	8.441432	0.693500	0.237311	1.000000	0.280760	0.649389	0.005046	0.007475	0.550777
19012	16579.104300	11713.756200	2.976238	16579.104300	47992.602800	8.490691	0.693500	0.238175	1.000000	0.282031	0.648690	0.005038	0.007467	0.552084
19070	17018.785000	12038.255300	3.047409	17018.785000	49161.557000	8.675975	0.693500	0.240538	1.000000	0.284982	0.654231	0.005049	0.007490	0.553214
19077	17052.153200	12063.864400	3.052393	17052.153200	49303.206700	8.695500	0.718800	0.239858	1.000000	0.284258	0.653503	0.005075	0.007533	0.552874
19407	17174.554400	12077.651300	3.014526	17174.554400	49358.354000	8.570515	0.718800	0.236952	1.000000	0.280880	0.646646	0.005016	0.007450	0.553978
19472	17236.948400	12122.727900	3.015501	17236.948400	49666.199300	8.589440	0.718800	0.237813	1.000000	0.281978	0.648000	0.005025	0.007468	0.552937
19795	17488.618300	12260.678400	3.005738	17488.618300	50022.312500	8.526260	0.718800	0.238750	1.000000	0.283307	0.645325	0.004969	0.007390	0.555230
19867	17631.617600	12364.416100	3.019608	17631.617600	50484.406900	8.571288	0.718800	0.238150	1.000000	0.282683	0.642699	0.004976	0.007406	0.554862
20105	18019.793100	12491.400500	3.035185	18019.793100	51404.703400	8.632740	0.718800	0.238331	1.000000	0.283032	0.640122	0.004942	0.007361	0.553754
20157	18039.939000	12509.598000	3.031084	18039.939000	51495.691000	8.624039	0.664700	0.239945	1.000000	0.284936	0.641455	0.004954	0.007382	0.553564
20212	18085.619700	12532.652500	3.029637	18085.619700	51638.332700	8.623865	0.664700	0.240021	1.000000	0.285025	0.642779	0.004965	0.007403	0.553311
20317	18126.649200	12568.248300	3.021523	18126.649200	51804.298200	8.604768	0.664700	0.239384	1.000000	0.284268	0.642162	0.004963	0.007405	0.553054
20370	18159.360800	12582.904300	3.018386	18159.360800	51890.872500	8.597230	0.664700	0.239508	1.000000	0.284409	0.643473	0.004975	0.007427	0.552964
20390	18188.319700	12633.674900	3.023246	18188.319700	52047.347400	8.611533	0.664700	0.243319	1.000000	0.288981	0.650602	0.004994	0.007461	0.552934
20425	18256.254200	12694.998600	3.030722	18256.254200	52331.367600	8.639856	0.664700	0.241956	1.000000	0.287417	0.648000	0.005009	0.007491	0.552485
20477	18280.521800	12713.747900	3.027154	18280.521800	52518.860000	8.643558	0.664700	0.242064	1.000000	0.287634	0.649286	0.005020	0.007514	0.551598
20530	18321.249700	12720.185000	3.024007	18321.249700	52551.045700	8.630333	0.664700	0.242190	1.000000	0.287854	0.650564	0.005031	0.007537	0.551869
20690	18368.808100	12756.489100	3.008729	18368.808100	52749.400600	8.593307	0.664700	0.243197	1.000000	0.289350	0.648000	0.005017	0.007520	0.551446
20742	18391.594100	12767.089700	3.004333	18391.594100	52821.601500	8.583005	0.664700	0.244020	1.000000	0.290511	0.649267	0.005028	0.007542	0.551302
20797	18433.049100	12786.357600	3.002227	18433.049100	52930.027700	8.578324	0.664700	0.244827	1.000000	0.291629	0.650526	0.005038	0.007563	0.551216
21115	18549.451700	12827.039400	2.971962	18549.451700	53217.210900	8.497118	0.664700	0.242102	1.000000	0.288467	0.642414	0.004985	0.007488	0.550874
21327	18672.659700	12908.163800	2.961512	18672.659700	53514.328100	8.461726	0.664700	0.241495	1.000000	0.287880	0.638182	0.004959	0.007451	0.551233
21507	18721.578300	12941.755000	2.944399	18721.578300	53654.482700	8.412886	0.664700	0.242939	1.000000	0.289688	0.639433	0.004940	0.007426	0.551229
21560	18802.222800	12958.218400	2.946238	18802.222800	53720.336500	8.409388	0.664700	0.243658	1.000000	0.290469	0.640678	0.004951	0.007442	0.551803
21720	18901.888000	13110.259200	2.947712	18901.888000	54226.671700	8.417191	0.664700	0.244298	1.000000	0.290929	0.638319	0.004937	0.007422	0.551567
21772	18914.190700	13144.172900	2.944849	18914.190700	54371.531000	8.414941	0.664700	0.244298	1.000000	0.290909	0.639553	0.004947	0.007440	0.551179
21807	18949.469300	13165.353200	2.945301	18949.469300	54470.905800	8.416872	0.706800	0.242978	1.000000	0.289320	0.637230	0.004961	0.007465	0.551137
21912	19067.625000	13217.231600	2.946707	19067.625000	54650.505600	8.410511	0.706800	0.243017	1.000000	0.289291	0.636694	0.004960	0.007465	0.551817
22232	19161.046300	13252.260500	2.915849	19161.046300	54897.105400	8.327690	0.706800	0.240455	1.000000	0.286089	0.629268	0.004911	0.007393	0.551469
22252	19245.152600	13294.285500	2.924565	19245.152600	55169.195100	8.360223	0.706800	0.242505	1.000000	0.288458	0.635640	0.004929	0.007423	0.550965
22285	19308.281200	13308.676000	2.927257	19308.281200	55226.756800	8.361570	0.706800	0.241286	1.000000	0.286926	0.633405	0.004945	0.007449	0.551383
22305	19356.119700	13357.022000	2.933256	19356.119700	55568.312100	8.397717	0.706800	0.243398	1.000000	0.289433	0.639783	0.004963	0.007481	0.550135
22657	19369.657900	13371.676200	2.890110	19369.657900	55674.582900	8.280287	0.706200	0.240484	1.000000	0.285836	0.629043	0.004908	0.007402	0.549730
22730	19406.629000	13405.446600	2.887116	19406.629000	55781.705100	8.269724	0.706200	0.241915	1.000000	0.287504	0.633600	0.004915	0.007416	0.549862
22817	19461.383200	13426.836000	2.882719	19461.383200	55877.187500	8.254472	0.706200	0.240165	1.000000	0.285383	0.629763	0.004919	0.007425	0.550039
22870	19488.689500	13453.006200	2.880778	19488.689500	56055.676900	8.258020	0.725000	0.240349	1.000000	0.285579	0.630947	0.004931	0.007446	0.549433
23030	19556.508700	13491.357900	2.869984	19556.508700	56107.939000	8.213683	0.706200	0.242837	1.000000	0.288620	0.628825	0.004921	0.007430	0.550329
23050	19579.255200	13519.426000	2.871903	19579.255200	56164.075100	8.215112	0.706200	0.245407	1.000000	0.291731	0.634961	0.004941	0.007459	0.550601
23102	19604.435000	13604.430700	2.874915	19604.435000	56589.098500	8.245161	0.706200	0.245419	1.000000	0.291790	0.636126	0.004954	0.007478	0.549170
23137	19666.960600	13628.175200	2.878024	19666.960600	56702.588000	8.251707	0.706200	0.244807	1.000000	0.291128	0.633974	0.004970	0.007503	0.549327
23190	19695.720100	13639.105900	2.874931	19695.720100	56752.300400	8.241485	0.683700	0.246042	1.000000	0.292492	0.635130	0.004982	0.007518	0.549418
23210	19730.104400	13675.210400	2.878528	19730.104400	56938.859200	8.258182	0.683700	0.247996	1.000000	0.294778	0.641250	0.005000	0.007547	0.548993
23242	20068.409800	13879.822200	2.921220	20068.409800	57543.124100	8.348019	0.683700	0.246771	1.000000	0.293273	0.639070	0.005014	0.007572	0.551139
23297	20109.739600	13939.919400	2.923031	20109.739600	57921.399100	8.373338	0.683700	0.247468	1.000000	0.294096	0.640206	0.005024	0.007590	0.549813
23402	20133.405400	13951.423100	2.912922	20133.405400	57980.940800	8.344658	0.683700	0.247532	1.000000	0.294142	0.639692	0.005023	0.007591	0.549795
23455	20270.509700	14011.589900	2.923223	20270.509700	58293.726000	8.373932	0.683700	0.248232	1.000000	0.294918	0.640818	0.005033	0.007609	0.549811
23510	20435.330300	14092.013700	2.937248	20435.330300	58536.470000	8.397682	0.683700	0.248311	1.000000	0.294962	0.641939	0.005043	0.007627	0.550886
23615	20512.173900	14126.825300	2.933644	20512.173900	58640.904900	8.379534	0.683700	0.248453	1.000000	0.295027	0.641421	0.005042	0.007628	0.551402
23670	20835.657200	14417.882900	2.978753	20835.657200	60182.879800	8.557091	0.683700	0.249212	1.000000	0.295863	0.642532	0.005051	0.007646	0.548263
23722	20846.308500	14420.686200	2.973295	20846.308500	60196.896100	8.540753	0.683700	0.249311	1.000000	0.295954	0.643636	0.005061	0.007665	0.548305
23987	21016.152700	14535.962300	2.964220	21016.152700	60633.108500	8.509563	0.726900	0.248813	1.000000	0.295113	0.638304	0.005027	0.007613	0.548635
24007	21169.382400	14656.307500	2.984542	21169.382400	61124.370500	8.569588	0.726900	0.250757	1.000000	0.297340	0.644211	0.005044	0.007640	0.548527
24200	21381.351200	14870.105700	2.995988	21381.351200	61990.541400	8.612799	0.726900	0.248375	1.000000	0.294423	0.637333	0.005024	0.007613	0.547869
24432	21526.727200	15026.463400	2.992178	21526.727200	62824.936700	8.631092	0.726900	0.251209	1.000000	0.297705	0.636855	0.004997	0.007573	0.546012
24467	21634.121200	15066.571300	2.999954	21634.121200	62985.368200	8.646111	0.726900	0.250434	1.000000	0.296859	0.634829	0.005011	0.007595	0.546480
24680	21729.661200	15101.426600	2.984691	21729.661200	63124.789200	8.595467	0.726900	0.249076	1.000000	0.295300	0.631304	0.004988	0.007561	0.546903
24945	21869.070400	15201.389300	2.972176	21869.070400	63714.398700	8.577217	0.726900	0.247942	1.000000	0.294155	0.626348	0.004955	0.007510	0.545769
25055	21957.856100	15348.212000	2.977934	21957.856100	64509.169300	8.627721	0.726900	0.248215	1.000000	0.294633	0.627429	0.004953	0.007507	0.543625
25110	22054.977900	15417.339000	2.984653	22054.977900	64716.550100	8.639140	0.726900	0.248072	1.000000	0.294550	0.628504	0.004962	0.007521	0.544131
25165	22085.593100	15430.488000	2.981608	22085.593100	64729.699000	8.624607	0.726900	0.248732	1.000000	0.295509	0.629573	0.004971	0.007533	0.544492
25220	22100.043100	15432.375700	2.976401	22100.043100	64735.362100	8.607792	0.726900	0.248958	1.000000	0.295881	0.630638	0.004980	0.007544	0.544603
25277	22152.545100	15462.348500	2.976156	22152.545100	64861.425800	8.605872	0.794500	0.248820	1.000000	0.295757	0.631698	0.004989	0.007556	0.544680
25332	22185.395500	15463.663600	2.972392	22185.395500	64864.056000	8.590689	0.794500	0.248703	1.000000	0.295634	0.632753	0.005000	0.007569	0.544952
25555	22407.896900	15545.280600	2.970313	22407.896900	65140.775100	8.564730	0.794500	0.246870	1.000000	0.293457	0.629371	0.004977	0.007533	0.546222
25720	22473.045200	15568.387000	2.958121	22473.045200	65233.200500	8.525102	0.794500	0.246054	1.000000	0.292508	0.627500	0.004965	0.007513	0.546508
26000	22541.760900	15620.090300	2.935527	22541.760900	65408.606900	8.456766	0.794500	0.245346	1.000000	0.291666	0.622792	0.004931	0.007459	0.546717
26110	22588.143400	15648.810700	2.928913	22588.143400	65437.327300	8.428329	0.794500	0.244663	1.000000	0.290852	0.622415	0.004930	0.007455	0.547325
26165	22640.911200	15664.004600	2.927951	22640.911200	65536.505500	8.425130	0.794500	0.244555	1.000000	0.290717	0.623455	0.004940	0.007468	0.547353
26180	22736.842800	15842.233300	2.947217	22736.842800	66146.945500	8.487757	0.720100	0.246515	1.000000	0.293067	0.628767	0.004956	0.007492	0.546890
26220	22746.028100	15844.123500	2.943566	22746.028100	66154.506400	8.476405	0.720100	0.245274	1.000000	0.291604	0.626939	0.004967	0.007508	0.546944
26665	22770.395600	15844.602400	2.896306	22770.395600	66157.380100	8.337500	0.720100	0.241731	1.000000	0.287450	0.618174	0.004902	0.007410	0.547128
26845	22893.085700	15908.315900	2.890773	22893.085700	66437.665200	8.319124	0.720100	0.242420	1.000000	0.288362	0.619200	0.004887	0.007388	0.547289
26887	22917.734800	15938.346100	2.890271	22917.734800	66566.372100	8.320233	0.720100	0.241588	1.000000	0.287453	0.617483	0.004897	0.007404	0.547121
27055	22975.955000	16010.467100	2.882012	22975.955000	66999.098300	8.314087	0.648000	0.240761	1.000000	0.286583	0.615789	0.004884	0.007386	0.545961
27277	23057.755500	16026.756100	2.865696	23057.755500	67047.965400	8.258246	0.648000	0.239425	1.000000	0.285108	0.612783	0.004861	0.007352	0.546541
27442	23095.532000	16036.613700	2.851937	23095.532000	67087.716000	8.215655	0.648000	0.238911	1.000000	0.284573	0.611145	0.004849	0.007332	0.546737
27457	23165.442600	16120.368500	2.861572	23165.442600	67410.073200	8.246883	0.648000	0.240324	1.000000	0.286276	0.616139	0.004863	0.007353	0.546507
27632	23169.893800	16141.739700	2.845319	23169.893800	67538.300700	8.206658	0.648000	0.238418	1.000000	0.284023	0.611845	0.004848	0.007330	0.546066
27667	23253.476600	16268.373000	2.856915	23253.476600	68040.168900	8.249177	0.648000	0.239806	1.000000	0.285715	0.616810	0.004859	0.007347	0.545465
28035	23261.235900	16276.826500	2.820622	23261.235900	68048.622400	8.142488	0.648000	0.234937	1.000000	0.280007	0.604800	0.004811	0.007276	0.545592
28212	23326.229000	16418.424400	2.817521	23326.229000	68594.063500	8.145351	0.648000	0.233945	1.000000	0.279018	0.602004	0.004797	0.007256	0.544801
28257	23395.004000	16430.184600	2.818734	23395.004000	68629.344100	8.141586	0.648000	0.233799	1.000000	0.278907	0.603000	0.004805	0.007270	0.545288
28392	23586.862300	16557.488100	2.827814	23586.862300	68987.454800	8.151300	0.648000	0.233376	1.000000	0.278523	0.601491	0.004799	0.007261	0.546392
28480	23640.834800	16597.641500	2.825736	23640.834800	69168.634400	8.146899	0.648000	0.233453	1.000000	0.278737	0.601237	0.004801	0.007264	0.546286
28785	23667.587900	16620.833900	2.799265	23667.587900	69270.193900	8.071720	0.608900	0.232552	1.000000	0.277847	0.598528	0.004766	0.007213	0.546209
28972	23722.268800	16635.150600	2.785912	23722.268800	69338.100500	8.030060	0.608900	0.229932	1.000000	0.274856	0.592258	0.004752	0.007192	0.546423
29052	23800.940900	16677.463200	2.786569	23800.940900	69518.727000	8.030261	0.608900	0.231056	1.000000	0.276286	0.595636	0.004755	0.007197	0.546538
29105	23899.698900	16700.410900	2.789906	23899.698900	69656.412900	8.036086	0.622400	0.229562	1.000000	0.274524	0.593026	0.004763	0.007208	0.546796
29142	24120.192200	16835.957700	2.810751	24120.192200	70296.092200	8.099535	0.656300	0.230884	1.000000	0.276131	0.597586	0.004774	0.007226	0.546566
29150	24129.679800	16836.645800	2.810726	24129.679800	70300.831800	8.098672	0.656300	0.229901	1.000000	0.274976	0.596160	0.004790	0.007250	0.546620
29195	24175.315700	16855.558100	2.810815	24175.315700	70348.153800	8.094149	0.656300	0.229877	1.000000	0.274942	0.597126	0.004801	0.007265	0.546942
29330	24194.064600	16871.709400	2.800257	24194.064600	70419.186300	8.064546	0.656300	0.229317	1.000000	0.274223	0.595714	0.004797	0.007257	0.546888
29375	24266.962000	16912.019600	2.803675	24266.962000	70580.426800	8.072118	0.656300	0.229298	1.000000	0.274172	0.596673	0.004807	0.007272	0.547042
29775	24333.395900	16950.924000	2.773086	24333.395900	70705.810500	7.979782	0.691700	0.225743	1.000000	0.269881	0.588327	0.004761	0.007201	0.547335
29820	24512.491000	16999.903200	2.784198	24512.491000	70852.626500	7.995063	0.691700	0.226620	1.000000	0.270750	0.589282	0.004772	0.007216	0.548477
29855	24548.495600	17051.928600	2.786831	24548.495600	71122.673400	8.011319	0.691700	0.228832	1.000000	0.273230	0.593684	0.004784	0.007234	0.547882
29955	24574.092700	17059.941100	2.779772	24574.092700	71130.685900	7.987379	0.691700	0.227089	1.000000	0.271106	0.590039	0.004786	0.007236	0.548132
29990	24635.777400	17102.701400	2.783493	24635.777400	71294.114900	7.996823	0.691700	0.229682	1.000000	0.274032	0.594419	0.004798	0.007253	0.548218
30035	24879.185500	17309.044100	2.809271	24879.185500	72274.849800	8.086735	0.648600	0.231348	1.000000	0.275712	0.595358	0.004808	0.007268	0.547143
30067	24915.927200	17321.955200	2.809537	24915.927200	72365.227900	8.088564	0.648600	0.230912	1.000000	0.275125	0.595145	0.004821	0.007286	0.547071
30135	25232.825200	17591.795200	2.842185	25232.825200	73686.054600	8.206312	0.648600	0.230952	1.000000	0.275117	0.596077	0.004828	0.007297	0.545488
30202	25267.613000	17615.708100	2.839720	25267.613000	73827.939500	8.202595	0.648600	0.231495	1.000000	0.275673	0.597006	0.004834	0.007309	0.545261
30395	25578.534600	17787.561000	2.853502	25578.534600	74312.060700	8.216038	0.648600	0.232506	1.000000	0.276826	0.597931	0.004821	0.007290	0.547011
30472	25623.370900	17816.837600	2.851109	25623.370900	74374.276600	8.203925	0.648600	0.231677	1.000000	0.275815	0.596571	0.004825	0.007299	0.547360
30530	25653.955100	17828.802200	2.848527	25653.955100	74416.201200	8.194412	0.648600	0.232641	1.000000	0.276925	0.599771	0.004833	0.007314	0.547499
30742	25673.247700	17838.274200	2.830708	25673.247700	74454.089200	8.142420	0.648600	0.231446	1.000000	0.275336	0.596144	0.004817	0.007290	0.547548
30877	25725.485600	17885.202600	2.824755	25725.485600	74757.161900	8.135588	0.645300	0.233200	1.000000	0.276980	0.595932	0.004813	0.007282	0.546855
31012	25830.170200	17938.290000	2.822634	25830.170200	74931.687200	8.122681	0.645300	0.233434	1.000000	0.277147	0.595722	0.004808	0.007274	0.547313
31080	25890.704000	17964.677200	2.822097	25890.704000	75063.622800	8.120522	0.561000	0.233704	1.000000	0.277401	0.596629	0.004813	0.007282	0.547354
31282	25952.553300	17973.349100	2.808337	25952.553300	75103.417900	8.076079	0.561000	0.233086	1.000000	0.276596	0.595307	0.004798	0.007257	0.547683
31350	26100.392300	18084.246600	2.818797	26100.392300	75633.230800	8.112729	0.561000	0.233651	1.000000	0.277152	0.596208	0.004803	0.007264	0.547239
31485	26127.942500	18085.820300	2.808560	26127.942500	75641.099600	8.080756	0.559700	0.233724	1.000000	0.277169	0.596000	0.004797	0.007255	0.547410
31552	26160.250900	18115.804800	2.806501	26160.250900	75782.321500	8.077218	0.559700	0.233921	1.000000	0.277356	0.596895	0.004803	0.007262	0.547248
31620	26195.769700	18139.605600	2.804262	26195.769700	75901.325100	8.072193	0.559700	0.234121	1.000000	0.277517	0.597786	0.004808	0.007268	0.547151
31755	26495.875200	18234.278500	2.817204	26495.875200	76245.224300	8.088577	0.588700	0.233599	1.000000	0.276847	0.597574	0.004803	0.007259	0.548563
31812	26555.224200	18303.313000	2.820183	26555.224200	76598.232600	8.106362	0.654600	0.234398	1.000000	0.277781	0.600663	0.004810	0.007270	0.547939
31822	26650.817500	18411.419400	2.832099	26650.817500	76963.701800	8.140036	0.654600	0.233929	1.000000	0.277223	0.600440	0.004825	0.007292	0.547977
31890	26822.019000	18574.994700	2.847100	26822.019000	77911.774300	8.210551	0.654600	0.233924	1.000000	0.277235	0.601319	0.004831	0.007302	0.546149
32285	26912.293800	18659.711100	2.823107	26912.293800	78350.125600	8.151031	0.645500	0.234373	1.000000	0.278080	0.598909	0.004787	0.007238	0.545501
32610	26932.418000	18695.219000	2.798383	26932.418000	78492.157300	8.082227	0.645500	0.232487	1.000000	0.276009	0.594388	0.004754	0.007190	0.545327
32720	26981.411200	18780.325900	2.797172	26981.411200	79139.063300	8.108227	0.645500	0.231987	1.000000	0.275547	0.594194	0.004753	0.007192	0.543343
32887	27073.742200	18833.141700	2.791753	27073.742200	79244.695000	8.081979	0.645500	0.231832	1.000000	0.275865	0.592941	0.004742	0.007179	0.544051
32942	27392.005900	19110.944000	2.823280	27392.005900	80022.176200	8.151642	0.645500	0.231697	1.000000	0.275822	0.593808	0.004748	0.007191	0.545493
32957	27924.752000	19463.219300	2.875702	27924.752000	81121.114700	8.271703	0.645500	0.232833	1.000000	0.277280	0.597857	0.004760	0.007212	0.547557
33000	28029.151000	19512.421200	2.881307	28029.151000	81261.132300	8.279567	0.645500	0.231920	1.000000	0.276283	0.596590	0.004769	0.007227	0.548103
33332	28189.924200	19652.031700	2.870589	28189.924200	81878.666900	8.255351	0.645500	0.230122	1.000000	0.274300	0.592197	0.004736	0.007179	0.547666
33387	28205.278200	19658.333900	2.867158	28205.278200	81922.782000	8.246204	0.645500	0.230055	1.000000	0.274305	0.593053	0.004743	0.007192	0.547618
33887	28268.750600	19661.638600	2.828795	28268.750600	81937.999800	8.130339	0.645500	0.227674	1.000000	0.271802	0.585699	0.004687	0.007108	0.547991
34055	28371.874300	19774.085800	2.827541	28371.874300	82336.077100	8.127144	0.645500	0.227064	1.000000	0.271201	0.584536	0.004679	0.007096	0.547963
34277	28422.786000	19804.921700	2.813957	28422.786000	82551.243100	8.093795	0.645500	0.226103	1.000000	0.270205	0.582389	0.004663	0.007073	0.547578
34332	28479.642400	19825.713600	2.813973	28479.642400	82572.035000	8.086483	0.645500	0.226291	1.000000	0.270537	0.583237	0.004670	0.007084	0.548076
34500	28504.440400	19833.863500	2.802221	28504.440400	82612.784700	8.051973	0.645500	0.225435	1.000000	0.269559	0.582102	0.004662	0.007071	0.548126
34555	28593.859000	19884.735500	2.805880	28593.859000	82918.017100	8.067709	0.645500	0.225361	1.000000	0.269523	0.582944	0.004669	0.007083	0.547772
34735	28716.201100	19910.381000	2.799861	28716.201100	83020.598800	8.042090	0.645500	0.225885	1.000000	0.270281	0.583784	0.004660	0.007068	0.548338
34887	28731.753000	19925.206800	2.789364	28731.753000	83094.727900	8.013363	0.645500	0.224566	1.000000	0.268767	0.580704	0.004654	0.007058	0.548240
35060	28800.440200	19953.471400	2.781170	28800.440200	83224.924700	7.988118	0.645500	0.224385	1.000000	0.268527	0.580568	0.004646	0.007043	0.548357
35242	28879.085200	19997.429300	2.773726	28879.085200	83367.466900	7.962442	0.645500	0.223832	1.000000	0.267856	0.579468	0.004636	0.007026	0.548653
35365	28900.451000	20011.793600	2.766139	28900.451000	83410.559700	7.939418	0.645500	0.223399	1.000000	0.267319	0.579338	0.004635	0.007022	0.548739
35547	29038.977200	20092.608000	2.764278	29038.977200	83794.276800	7.935386	0.606100	0.223112	1.000000	0.266896	0.578254	0.004626	0.007005	0.548649
35852	29144.229700	20189.289000	2.752027	29144.229700	84441.857100	7.920374	0.606100	0.222110	1.000000	0.265641	0.575294	0.004601	0.006967	0.547252
35917	29219.815900	20240.300000	2.754096	29219.815900	84666.376900	7.926929	0.606100	0.223032	1.000000	0.266729	0.578003	0.004607	0.006975	0.547211
35975	29435.087600	20292.134600	2.764543	29435.087600	84938.472700	7.948128	0.606100	0.222501	1.000000	0.266048	0.576938	0.004614	0.006984	0.547822
36035	29484.160500	20296.746900	2.762920	29484.160500	84952.309500	7.939258	0.606100	0.222706	1.000000	0.266232	0.577756	0.004620	0.006992	0.548111
36280	29504.017200	20301.663000	2.745627	29504.017200	84967.405900	7.888053	0.606100	0.221565	1.000000	0.264821	0.575767	0.004603	0.006964	0.548217
36282	29531.032600	20308.457800	2.747302	29531.032600	85021.764000	7.893116	0.606100	0.222597	1.000000	0.266001	0.579384	0.004617	0.006983	0.548199
36340	29550.583500	20339.746900	2.745753	29550.583500	85178.209300	7.892735	0.606100	0.221837	1.000000	0.265046	0.578323	0.004624	0.006992	0.547917
36342	29816.077800	20655.482100	2.777550	29816.077800	86387.151400	7.993618	0.645100	0.222900	1.000000	0.266282	0.581942	0.004639	0.007012	0.547267
36462	29928.723600	20677.152500	2.775777	29928.723600	86490.317400	7.982108	0.645100	0.221835	1.000000	0.264952	0.579936	0.004638	0.007011	0.547706
36710	29980.783200	20697.198300	2.760991	29980.783200	86582.972400	7.938147	0.645100	0.221825	1.000000	0.264846	0.579808	0.004621	0.006984	0.547805
36767	30104.081400	20712.903800	2.764234	30104.081400	86645.794500	7.938388	0.645100	0.221466	1.000000	0.264327	0.578756	0.004628	0.006994	0.548432
36830	30224.344900	20773.464900	2.769362	30224.344900	87018.865500	7.958404	0.645100	0.222213	1.000000	0.265170	0.581406	0.004635	0.007004	0.548068
37132	30415.538400	20863.888100	2.761970	30415.538400	87396.014800	7.931835	0.645100	0.221890	1.000000	0.264580	0.576682	0.004612	0.006968	0.548436
37135	30497.989700	20906.163000	2.768502	30497.989700	87617.272500	7.951748	0.645100	0.222970	1.000000	0.265834	0.580222	0.004626	0.006989	0.548356
37255	30619.351200	20933.431100	2.767563	30619.351200	87844.325600	7.949515	0.645100	0.221955	1.000000	0.264583	0.578268	0.004625	0.006988	0.548324
37320	30688.219600	20956.925500	2.767693	30688.219600	87984.717400	7.949688	0.645100	0.223436	1.000000	0.266247	0.580883	0.004632	0.006998	0.548338
37377	30731.371200	20966.677200	2.766266	30731.371200	88029.198700	7.943319	0.699300	0.222782	1.000000	0.265420	0.579843	0.004640	0.007009	0.548495
37440	30764.337700	20992.929000	2.764811	30764.337700	88212.961200	7.944531	0.671900	0.223876	1.000000	0.266545	0.582453	0.004647	0.007017	0.548123
37732	30816.920800	21021.110400	2.747660	30816.920800	88343.106500	7.895052	0.671900	0.223192	1.000000	0.265440	0.579594	0.004625	0.006982	0.548136
37890	30840.132200	21032.128000	2.738045	30840.132200	88365.141600	7.865220	0.671900	0.222872	1.000000	0.264951	0.579471	0.004621	0.006971	0.548290
37937	30918.818500	21092.987800	2.741973	30918.818500	88682.182500	7.881450	0.671900	0.223620	1.000000	0.265743	0.582056	0.004630	0.006983	0.547946
38045	30941.643600	21104.023300	2.736006	30941.643600	88737.360100	7.864306	0.676700	0.222993	1.000000	0.264897	0.581023	0.004631	0.006983	0.547945
38280	30972.101900	21116.865900	2.721472	30972.101900	88790.427500	7.821482	0.676700	0.223127	1.000000	0.264729	0.580000	0.004618	0.006959	0.548019
38327	31039.085800	21217.662300	2.726854	31039.085800	89355.560800	7.853020	0.676700	0.224524	1.000000	0.266089	0.582566	0.004626	0.006969	0.546897
38437	31056.728400	21228.395600	2.720527	31056.728400	89394.820900	7.834247	0.676700	0.224149	1.000000	0.265497	0.581538	0.004627	0.006967	0.546936
38795	31133.218300	21293.101900	2.702736	31133.218300	89677.663900	7.785210	0.676700	0.224042	1.000000	0.265239	0.580521	0.004598	0.006921	0.546782
38827	31297.294400	21367.545700	2.712760	31297.294400	89869.014300	7.801578	0.676700	0.223967	1.000000	0.265069	0.580397	0.004607	0.006933	0.547658
38875	31338.455500	21406.628400	2.713573	31338.455500	89995.907800	7.802853	0.676700	0.224636	1.000000	0.265814	0.582936	0.004615	0.006943	0.547733
38905	31407.273000	21454.333000	2.717471	31407.273000	90102.736600	7.808123	0.647300	0.224589	1.000000	0.265666	0.582805	0.004625	0.006956	0.548149
38982	31426.885400	21482.967800	2.714544	31426.885400	90259.944700	7.803940	0.647300	0.225168	1.000000	0.266242	0.583562	0.004629	0.006961	0.547852
39140	31484.727300	21496.575300	2.707271	31484.727300	90308.181500	7.779312	0.647300	0.225353	1.000000	0.266437	0.583429	0.004624	0.006951	0.548114
39452	31563.210600	21514.024700	2.690691	31563.210600	90349.202600	7.725265	0.647300	0.224793	1.000000	0.265688	0.581538	0.004600	0.006913	0.548569
39842	31625.492900	21556.961400	2.669634	31625.492900	90526.900500	7.664704	0.647300	0.223849	1.000000	0.264505	0.578802	0.004567	0.006862	0.548576
40055	31699.597000	21597.800200	2.661211	31699.597000	90756.393900	7.642990	0.647300	0.223690	1.000000	0.264246	0.578687	0.004555	0.006841	0.548399
40165	32039.422100	21853.005800	2.683552	32039.422100	91692.717800	7.701490	0.637100	0.223772	1.000000	0.264246	0.578571	0.004554	0.006839	0.548802
40387	32346.123200	22084.882100	2.695438	32346.123200	92462.633500	7.725704	0.814100	0.222981	1.000000	0.263249	0.576746	0.004542	0.006818	0.549505
40555	32418.798700	22219.811900	2.694544	32418.798700	93050.348400	7.734505	0.814100	0.222288	1.000000	0.262419	0.575788	0.004535	0.006808	0.548698
40567	32489.284200	22281.691000	2.700239	32489.284200	93379.388100	7.756743	0.637100	0.223504	1.000000	0.263820	0.579084	0.004546	0.006823	0.548281
40610	32613.204200	22313.812700	2.705098	32613.204200	93507.875300	7.764164	0.637100	0.222815	1.000000	0.262982	0.578118	0.004553	0.006834	0.548743
40720	32666.129000	22325.475400	2.700963	32666.129000	93545.672200	7.748760	0.637100	0.222710	1.000000	0.262794	0.578006	0.004553	0.006832	0.548993
40790	32737.191300	22404.924100	2.703708	32737.191300	93863.006200	7.759267	0.637100	0.223593	1.000000	0.263797	0.580441	0.004557	0.006838	0.548807
40832	32790.703900	22449.430900	2.705694	32790.703900	94204.176900	7.775355	0.637100	0.223187	1.000000	0.263294	0.579474	0.004564	0.006849	0.548074
40902	33596.656400	23121.166600	2.773318	33596.656400	97588.730500	8.018177	0.637100	0.224087	1.000000	0.264370	0.581903	0.004568	0.006856	0.544759
41165	33626.511800	23139.321300	2.757966	33626.511800	97695.586600	7.975349	0.637100	0.222636	1.000000	0.262742	0.577565	0.004551	0.006831	0.544653
41332	33673.863700	23169.874300	2.750559	33673.863700	97846.867600	7.955043	0.637100	0.222414	1.000000	0.262555	0.576623	0.004544	0.006821	0.544577
41402	33764.530200	23263.053800	2.754789	33764.530200	98203.440700	7.968599	0.637100	0.223012	1.000000	0.263290	0.579017	0.004548	0.006828	0.544486
41567	33779.582200	23273.542800	2.745083	33779.582200	98238.344000	7.939973	0.637100	0.222578	1.000000	0.262865	0.578072	0.004541	0.006819	0.544524
41665	33854.787100	23311.681900	2.744100	33854.787100	98394.741800	7.935289	0.637100	0.221597	1.000000	0.261741	0.576309	0.004542	0.006822	0.544650
41720	33901.214300	23368.855200	2.745449	33901.214300	98523.299600	7.935314	0.637100	0.221578	1.000000	0.261752	0.577029	0.004547	0.006832	0.544916
41887	33923.256500	23378.853300	2.736000	33923.256500	98593.286200	7.909074	0.637100	0.220937	1.000000	0.261027	0.576102	0.004540	0.006824	0.544843
42110	34019.066500	23454.214700	2.729674	34019.066500	98837.588000	7.887476	0.637100	0.220261	1.000000	0.260270	0.574371	0.004528	0.006805	0.545071
42125	34170.784300	23560.474200	2.740950	34170.784300	99370.594000	7.925304	0.637100	0.221190	1.000000	0.261387	0.577532	0.004537	0.006821	0.544710
42165	34233.463300	23584.401500	2.742458	34233.463300	99468.551300	7.927310	0.719900	0.220571	1.000000	0.260668	0.576610	0.004545	0.006833	0.544872
42180	34525.449700	23925.285300	2.771491	34525.449700	101341.265800	8.052792	0.719900	0.221535	1.000000	0.261845	0.579773	0.004556	0.006851	0.542060
42220	34687.657500	24093.462800	2.784515	34687.657500	102181.026300	8.104493	0.719900	0.221265	1.000000	0.261653	0.578843	0.004564	0.006864	0.541133
42332	34717.572300	24100.536000	2.778863	34717.572300	102204.958200	8.086135	0.719900	0.221635	1.000000	0.262307	0.578734	0.004564	0.006866	0.541261
42442	34817.330800	24194.086600	2.780770	34817.330800	102677.985600	8.098917	0.719900	0.221990	1.000000	0.262895	0.578626	0.004564	0.006868	0.540778
42812	34927.751000	24277.939100	2.765813	34927.751000	103048.910300	8.057031	0.719900	0.221357	1.000000	0.262409	0.576100	0.004536	0.006828	0.540665
42875	34963.638800	24301.404500	2.764550	34963.638800	103114.405900	8.051198	0.719900	0.221368	1.000000	0.262512	0.576801	0.004542	0.006837	0.540810
43000	35096.551300	24356.175000	2.765243	35096.551300	103478.782900	8.056705	0.645700	0.221621	1.000000	0.263100	0.576699	0.004540	0.006836	0.540576
43187	35221.945300	24497.878900	2.765607	35221.945300	103983.240400	8.058187	0.645700	0.221769	1.000000	0.263645	0.575801	0.004532	0.006826	0.540547
43250	35334.899900	24562.684600	2.769831	35334.899900	104298.200400	8.071277	0.645700	0.221751	1.000000	0.263712	0.576497	0.004537	0.006835	0.540495
43250	35357.249500	24584.813200	2.771887	35357.249500	104448.745000	8.081271	0.645700	0.222662	1.000000	0.264892	0.579585	0.004549	0.006854	0.540227
43687	35569.828000	24656.483300	2.757142	35569.828000	104663.755300	8.024812	0.645700	0.221492	1.000000	0.263924	0.573934	0.004515	0.006804	0.541134
44187	35609.016400	24698.518700	2.729620	35609.016400	104774.920400	7.942514	0.645700	0.219759	1.000000	0.262072	0.569189	0.004475	0.006744	0.541283
44625	35766.609200	24792.192000	2.714120	35766.609200	105234.170700	7.899203	0.886300	0.218144	1.000000	0.260273	0.565301	0.004443	0.006695	0.541161
44625	35797.824200	24800.156200	2.715876	35797.824200	105272.832600	7.903118	0.886300	0.218986	1.000000	0.261329	0.568268	0.004455	0.006712	0.541243
44687	35832.546900	24827.109400	2.714838	35832.546900	105455.649700	7.904235	0.886300	0.218370	1.000000	0.260652	0.567433	0.004460	0.006720	0.540959
44812	35898.431900	24854.143200	2.711412	35898.431900	105521.865800	7.889556	0.886300	0.218315	1.000000	0.260700	0.567360	0.004461	0.006719	0.541282
45000	35926.749800	24888.538000	2.702902	35926.749800	105641.954000	7.864928	0.886300	0.218564	1.000000	0.261060	0.568043	0.004454	0.006708	0.541273
45062	36168.778800	25005.268900	2.715076	36168.778800	106222.047700	7.899630	0.886300	0.218566	1.000000	0.261093	0.568723	0.004461	0.006716	0.541322
45292	36181.031000	25007.907300	2.701946	36181.031000	106237.878100	7.861065	0.886300	0.218422	1.000000	0.260961	0.567143	0.004451	0.006697	0.541347
45367	36297.523200	25107.649900	2.707012	36297.523200	106639.362700	7.876612	0.886300	0.218812	1.000000	0.261483	0.567820	0.004455	0.006702	0.541291
45587	36693.242700	25349.083600	2.721901	36693.242700	107505.776500	7.907816	0.886300	0.218194	1.000000	0.260766	0.567000	0.004446	0.006686	0.542121
45785	36753.955500	25398.554000	2.714973	36753.955500	107693.177900	7.887252	0.886300	0.218637	1.000000	0.261359	0.567674	0.004439	0.006673	0.542151
45807	36811.157500	25437.625900	2.717842	36811.157500	107819.086500	7.893371	0.886300	0.218332	1.000000	0.261014	0.567602	0.004449	0.006686	0.542303
46027	36837.271100	25487.703800	2.708163	36837.271100	107869.164500	7.859781	0.886300	0.218393	1.000000	0.261252	0.566789	0.004439	0.006671	0.542681
46080	36981.586400	25562.702000	2.714596	36981.586400	108319.154300	7.883070	0.886300	0.219093	1.000000	0.262165	0.568941	0.004445	0.006679	0.542363
46175	37024.026600	25600.038500	2.712466	37024.026600	108397.272700	7.873378	0.886300	0.218457	1.000000	0.261438	0.568125	0.004447	0.006681	0.542605
46447	37371.864200	25780.601200	2.719305	37371.864200	108929.600000	7.874561	0.886300	0.218138	1.000000	0.261075	0.568052	0.004433	0.006658	0.543891
46470	37395.685000	25782.367200	2.719090	37395.685000	108940.196300	7.872600	0.886300	0.217826	1.000000	0.260714	0.567979	0.004443	0.006671	0.543984
46520	37508.299200	25891.156800	2.725686	37508.299200	109510.011400	7.900812	0.886300	0.218378	1.000000	0.261404	0.570117	0.004451	0.006681	0.543356
46617	37565.843300	25898.830200	2.722783	37565.843300	109540.704800	7.889020	0.886300	0.218065	1.000000	0.261060	0.569302	0.004453	0.006684	0.543589
46690	37660.259800	25984.632600	2.726275	37660.259800	109814.058600	7.896462	0.886300	0.218298	1.000000	0.261353	0.569961	0.004458	0.006691	0.543773
46762	37687.201700	25984.836700	2.723209	37687.201700	109815.487300	7.885736	0.886300	0.218288	1.000000	0.261340	0.570619	0.004464	0.006697	0.543900
46910	37779.876700	26032.929600	2.720648	37779.876700	110187.013500	7.885679	0.772900	0.218223	1.000000	0.261276	0.570540	0.004461	0.006692	0.543393
46985	37850.067200	26110.255900	2.722585	37850.067200	110508.009700	7.893906	0.772900	0.218216	1.000000	0.261293	0.571194	0.004465	0.006698	0.543213
47057	37881.601400	26152.731600	2.721536	37881.601400	110643.806700	7.890634	0.772900	0.218216	1.000000	0.261322	0.571846	0.004470	0.006705	0.543229
47477	37986.553300	26201.014100	2.703915	37986.553300	110820.191900	7.835646	0.772900	0.217652	1.000000	0.260688	0.570306	0.004442	0.006662	0.543499
47690	38030.292000	26273.968100	2.696761	38030.292000	111060.166500	7.815604	0.772900	0.217876	1.000000	0.261022	0.570229	0.004434	0.006648	0.543451
47755	38132.827800	26310.503600	2.698915	38132.827800	111198.079400	7.817553	0.772900	0.217886	1.000000	0.261038	0.570877	0.004439	0.006655	0.543749
47762	38180.831600	26370.045400	2.702994	38180.831600	111436.246600	7.831305	0.772900	0.217624	1.000000	0.260734	0.570798	0.004450	0.006670	0.543615
47960	38225.598200	26385.526200	2.694376	38225.598200	111486.352800	7.804001	0.772900	0.217653	1.000000	0.260807	0.570000	0.004444	0.006659	0.543778
48222	38259.719300	26388.987400	2.681267	38259.719300	111506.584000	7.764337	0.772900	0.217147	1.000000	0.260199	0.568492	0.004431	0.006639	0.543897
48282	38291.426600	26413.331600	2.680257	38291.426600	111613.767000	7.761880	0.772900	0.218260	1.000000	0.261444	0.570566	0.004437	0.006645	0.543864
48287	38446.924400	26524.375200	2.691019	38446.924400	112084.671600	7.793507	0.772900	0.218015	1.000000	0.261125	0.570489	0.004449	0.006660	0.543832
48355	38467.158800	26542.586300	2.688853	38467.158800	112157.516200	7.787441	0.772900	0.218051	1.000000	0.261144	0.571128	0.004454	0.006667	0.543817
48420	38504.688800	26570.471000	2.687945	38504.688800	112307.089600	7.786647	0.772900	0.218109	1.000000	0.261191	0.571765	0.004460	0.006675	0.543689
48617	38728.418300	26673.232400	2.690457	38728.418300	112992.162600	7.801747	0.772900	0.218518	1.000000	0.261600	0.570973	0.004454	0.006664	0.543144
48682	38983.427300	26681.310800	2.697673	38983.427300	113032.555100	7.806500	0.772900	0.219120	1.000000	0.262297	0.571606	0.004459	0.006671	0.544269
48875	39083.463700	26727.927800	2.693049	39083.463700	113187.036900	7.788772	0.772900	0.219419	1.000000	0.262614	0.572239	0.004453	0.006661	0.544573
48945	39113.241000	26734.578800	2.690686	39113.241000	113213.641000	7.780513	0.772900	0.219160	1.000000	0.262238	0.571450	0.004458	0.006666	0.544672
49012	39177.704800	26763.776600	2.690803	39177.704800	113306.802900	7.777838	0.772900	0.219432	1.000000	0.262459	0.572079	0.004464	0.006672	0.544883
49142	39307.565500	26856.447400	2.692741	39307.565500	113818.934000	7.789922	0.772900	0.219612	1.000000	0.262573	0.572000	0.004463	0.006668	0.544430
49275	39359.843200	26950.706200	2.691448	39359.843200	114190.519600	7.790480	0.772900	0.219551	1.000000	0.262474	0.571921	0.004462	0.006665	0.544130
49537	39433.554600	26975.195800	2.681151	39433.554600	114263.926700	7.756623	0.772900	0.219399	1.000000	0.262248	0.570441	0.004448	0.006643	0.544414
49605	39521.210600	27056.580900	2.684318	39521.210600	114624.959300	7.768681	0.772900	0.219605	1.000000	0.262450	0.571065	0.004452	0.006649	0.544211
49867	39583.437900	27087.582800	2.673927	39583.437900	114880.252700	7.743705	0.772900	0.218789	1.000000	0.261460	0.569598	0.004439	0.006628	0.543853
49932	39664.743400	27131.612100	2.675466	39664.743400	115116.855200	7.749542	0.772900	0.218800	1.000000	0.261460	0.570219	0.004444	0.006635	0.543756
